0,000991	-0,237922
0,001982	-0,238086
0,002973	-0,238086
0,003964	-0,238086
0,004955	-0,237922
0,005946	-0,237757
0,006937	-0,237757
0,007929	-0,237428
0,008920	-0,236277
0,009911	-0,236113
0,010902	-0,236441
0,011893	-0,235948
0,012884	-0,236606
0,013875	-0,235948
0,014866	-0,236113
0,015857	-0,236441
0,016848	-0,235784
0,017839	-0,236113
0,018830	-0,236277
0,019821	-0,235948
0,020812	-0,235948
0,021803	-0,236441
0,022795	-0,235948
0,023786	-0,236441
0,024777	-0,236113
0,025768	-0,236113
0,026759	-0,236277
0,027750	-0,236277
0,028741	-0,236441
0,029732	-0,236770
0,030723	-0,236277
0,031714	-0,237099
0,032705	-0,237099
0,033696	-0,236770
0,034687	-0,236770
0,035678	-0,236277
0,036670	-0,236935
0,037661	-0,237099
0,038652	-0,236606
0,039643	-0,236770
0,040634	-0,236935
0,041625	-0,236770
0,042616	-0,237264
0,043607	-0,236935
0,044598	-0,236935
0,045589	-0,237099
0,046580	-0,236606
0,047571	-0,236935
0,048562	-0,236935
0,049553	-0,237099
0,050544	-0,237593
0,051536	-0,236935
0,052527	-0,237264
0,053518	-0,237593
0,054509	-0,237264
0,055500	-0,237593
0,056491	-0,237099
0,057482	-0,236770
0,058473	-0,237428
0,059464	-0,237428
0,060455	-0,237099
0,061446	-0,237428
0,062437	-0,237428
0,063428	-0,237099
0,064419	-0,237428
0,065410	-0,237264
0,066402	-0,237099
0,067393	-0,237264
0,068384	-0,237264
0,069375	-0,237099
0,070366	-0,237757
0,071357	-0,237428
0,072348	-0,237428
0,073339	-0,237593
0,074330	-0,237428
0,075321	-0,237593
0,076312	-0,237593
0,077303	-0,237922
0,078294	-0,237264
0,079285	-0,236770
0,080277	-0,237757
0,081268	-0,236441
0,082259	-0,234797
0,083250	-0,236770
0,084241	-0,237757
0,085232	-0,237593
0,086223	-0,237757
0,087214	-0,237757
0,088205	-0,237922
0,089196	-0,237757
0,090187	-0,237922
0,091178	-0,237757
0,092169	-0,237922
0,093160	-0,237922
0,094151	-0,237922
0,095143	-0,238086
0,096134	-0,238250
0,097125	-0,238086
0,098116	-0,238250
0,099107	-0,238086
0,100098	-0,238250
0,101089	-0,237593
0,102080	-0,238415
0,103071	-0,238415
0,104062	-0,238086
0,105053	-0,238250
0,106044	-0,238086
0,107035	-0,237922
0,108026	-0,238250
0,109017	-0,237922
0,110009	-0,238415
0,111000	-0,238250
0,111991	-0,238086
0,112982	-0,237922
0,113973	-0,237922
0,114964	-0,238086
0,115955	-0,238250
0,116946	-0,238250
0,117937	-0,237922
0,118928	-0,238415
0,119919	-0,238250
0,120910	-0,238250
0,121901	-0,237922
0,122892	-0,238086
0,123883	-0,238086
0,124875	-0,238579
0,125866	-0,238250
0,126857	-0,238250
0,127848	-0,238579
0,128839	-0,238086
0,129830	-0,238086
0,130821	-0,238250
0,131812	-0,238415
0,132803	-0,238250
0,133794	-0,238415
0,134785	-0,238250
0,135776	-0,238415
0,136767	-0,238250
0,137758	-0,238086
0,138750	-0,238250
0,139741	-0,238579
0,140732	-0,238250
0,141723	-0,238250
0,142714	-0,238415
0,143705	-0,238579
0,144696	-0,238415
0,145687	-0,238579
0,146678	-0,238415
0,147669	-0,238415
0,148660	-0,238744
0,149651	-0,238579
0,150642	-0,238250
0,151633	-0,238908
0,152624	-0,238744
0,153616	-0,238415
0,154607	-0,238250
0,155598	-0,238908
0,156589	-0,238744
0,157580	-0,238744
0,158571	-0,238579
0,159562	-0,238579
0,160553	-0,238744
0,161544	-0,238415
0,162535	-0,238579
0,163526	-0,238908
0,164517	-0,238415
0,165508	-0,238579
0,166499	-0,238415
0,167490	-0,238579
0,168482	-0,238744
0,169473	-0,238744
0,170464	-0,238744
0,171455	-0,235455
0,172446	-0,230521
0,173437	-0,225423
0,174428	-0,219831
0,175419	-0,212760
0,176410	-0,209471
0,177401	-0,200261
0,178392	-0,193190
0,179383	-0,191216
0,180374	-0,186776
0,181365	-0,180856
0,182357	-0,173784
0,183348	-0,166712
0,184339	-0,159641
0,185330	-0,160463
0,186321	-0,153885
0,187312	-0,146484
0,188303	-0,139413
0,189294	-0,131848
0,190285	-0,124447
0,191276	-0,127901
0,192267	-0,120336
0,193258	-0,112442
0,194249	-0,105206
0,195240	-0,097477
0,196231	-0,089418
0,197223	-0,094517
0,198214	-0,087280
0,199205	-0,079387
0,200196	-0,071328
0,201187	-0,062612
0,202178	-0,054389
0,203169	-0,062777
0,204160	-0,054225
0,205151	-0,045673
0,206142	-0,037779
0,207133	-0,029228
0,208124	-0,020183
0,209115	-0,027583
0,210106	-0,021992
0,211097	-0,012947
0,212089	-0,004231
0,213080	0,004321
0,214071	0,013366
0,215062	0,012544
0,216053	0,009255
0,217044	0,018300
0,218035	0,028167
0,219026	0,036883
0,220017	0,046422
0,221008	0,052507
0,221999	0,040501
0,222990	0,049875
0,223981	0,059249
0,224972	0,068952
0,225963	0,078655
0,226955	0,089180
0,227946	0,071090
0,228937	0,080300
0,229928	0,090002
0,230919	0,100199
0,231910	0,110066
0,232901	0,120427
0,233892	0,103488
0,234883	0,109737
0,235874	0,119933
0,236865	0,129801
0,237856	0,139997
0,238847	0,151509
0,239838	0,144931
0,240830	0,138846
0,241821	0,148877
0,242812	0,159403
0,243803	0,170586
0,244794	0,181604
0,245785	0,179302
0,246776	0,167790
0,247767	0,178479
0,248758	0,189498
0,249749	0,199530
0,250740	0,210877
0,251731	0,211864
0,252722	0,194925
0,253713	0,206272
0,254704	0,217291
0,255696	0,227487
0,256687	0,239821
0,257678	0,249524
0,258669	0,221238
0,259660	0,233243
0,260651	0,243604
0,261642	0,255609
0,262633	0,267450
0,263624	0,279126
0,264615	0,251004
0,265606	0,258569
0,266597	0,269752
0,267588	0,282580
0,268579	0,293927
0,269570	0,306919
0,270562	0,279291
0,271553	0,285704
0,272544	0,297874
0,273535	0,310537
0,274526	0,319418
0,275517	0,336686
0,276508	0,308564
0,277499	0,311853
0,278490	0,323694
0,279481	0,335370
0,280472	0,348198
0,281463	0,360861
0,282454	0,332574
0,283445	0,335370
0,284437	0,347211
0,285428	0,360038
0,286419	0,372537
0,287410	0,385364
0,288401	0,363492
0,289392	0,358229
0,290383	0,370235
0,291374	0,382898
0,292365	0,396219
0,293356	0,409046
0,294347	0,395067
0,295338	0,379609
0,296329	0,392601
0,297320	0,405099
0,298311	0,418585
0,299303	0,432070
0,300294	0,423847
0,301285	0,401646
0,302276	0,414309
0,303267	0,426972
0,304258	0,439799
0,305249	0,453120
0,306240	0,455094
0,307231	0,427465
0,308222	0,434208
0,309213	0,447200
0,310204	0,459698
0,311195	0,472855
0,312186	0,486340
0,313177	0,461014
0,314169	0,451805
0,315160	0,464632
0,316151	0,478282
0,317142	0,491603
0,318133	0,505088
0,319124	0,488643
0,320115	0,469895
0,321106	0,483216
0,322097	0,496865
0,323088	0,510022
0,324079	0,524330
0,325070	0,513147
0,326061	0,487656
0,327052	0,500648
0,328043	0,513969
0,329035	0,527783
0,330026	0,542091
0,331017	0,535348
0,332008	0,508213
0,332999	0,518080
0,333990	0,531566
0,334981	0,544887
0,335972	0,558043
0,336963	0,557385
0,337954	0,530085
0,338945	0,532223
0,339936	0,545709
0,340927	0,559523
0,341918	0,573008
0,342910	0,581725
0,343901	0,555083
0,344892	0,544722
0,345883	0,558207
0,346874	0,571035
0,347865	0,584520
0,348856	0,598828
0,349847	0,579916
0,350838	0,556563
0,351829	0,569555
0,352820	0,583040
0,353811	0,596690
0,354802	0,612807
0,355793	0,602446
0,356784	0,576955
0,357776	0,578764
0,358767	0,591921
0,359758	0,605077
0,360749	0,618563
0,361740	0,626128
0,362731	0,599815
0,363722	0,587152
0,364713	0,600473
0,365704	0,613465
0,366695	0,627279
0,367686	0,641093
0,368677	0,620701
0,369668	0,595046
0,370659	0,607380
0,371650	0,623825
0,372642	0,636653
0,373633	0,648000
0,374624	0,638955
0,375615	0,612642
0,376606	0,614287
0,377597	0,627937
0,378588	0,640929
0,379579	0,654414
0,380570	0,651618
0,381561	0,624154
0,382552	0,621030
0,383543	0,634679
0,384534	0,647014
0,385525	0,661321
0,386517	0,663953
0,387508	0,636982
0,388499	0,626457
0,389490	0,638955
0,390481	0,652276
0,391472	0,665433
0,392463	0,676616
0,393454	0,650467
0,394445	0,629252
0,395436	0,642573
0,396427	0,656059
0,397418	0,669873
0,398409	0,682865
0,399400	0,659348
0,400391	0,632541
0,401383	0,645698
0,402374	0,658690
0,403365	0,670695
0,404356	0,684181
0,405347	0,670695
0,406338	0,643724
0,407329	0,645205
0,408320	0,656388
0,409311	0,669215
0,410302	0,681549
0,411293	0,682536
0,412284	0,654579
0,413275	0,642573
0,414266	0,655072
0,415257	0,667242
0,416249	0,679576
0,417240	0,691088
0,418231	0,663130
0,419222	0,639613
0,420213	0,651125
0,421204	0,662472
0,422195	0,674478
0,423186	0,686812
0,424177	0,672669
0,425168	0,644547
0,426159	0,646191
0,427150	0,657045
0,428141	0,668722
0,429132	0,680069
0,430123	0,680563
0,431115	0,653098
0,432106	0,638133
0,433097	0,649645
0,434088	0,661157
0,435079	0,672340
0,436070	0,684509
0,437061	0,656552
0,438052	0,631555
0,439043	0,642409
0,440034	0,653098
0,441025	0,664281
0,442016	0,675793
0,443007	0,659019
0,443998	0,629746
0,444990	0,633693
0,445981	0,643889
0,446972	0,654743
0,447963	0,665762
0,448954	0,661321
0,449945	0,631555
0,450936	0,623496
0,451927	0,633364
0,452918	0,643560
0,453909	0,654743
0,454900	0,659677
0,455891	0,630075
0,456882	0,613958
0,457873	0,623332
0,458864	0,633199
0,459856	0,643067
0,460847	0,653098
0,461838	0,628759
0,462829	0,600966
0,463820	0,610340
0,464811	0,621358
0,465802	0,628430
0,466793	0,641258
0,467784	0,630568
0,468775	0,599157
0,469766	0,595210
0,470757	0,604091
0,471748	0,613465
0,472739	0,622839
0,473730	0,626128
0,474722	0,595868
0,475713	0,580080
0,476704	0,588467
0,477695	0,597512
0,478686	0,606557
0,479677	0,616096
0,480668	0,589783
0,481659	0,563799
0,482650	0,572186
0,483641	0,580409
0,484632	0,588961
0,485623	0,597348
0,486614	0,584356
0,487605	0,552780
0,488597	0,553932
0,489588	0,561332
0,490579	0,569555
0,491570	0,577613
0,492561	0,579093
0,493552	0,547024
0,494543	0,534526
0,495534	0,541597
0,496525	0,549491
0,497516	0,557221
0,498507	0,565115
0,499498	0,539459
0,500489	0,514298
0,501480	0,521369
0,502471	0,528276
0,503463	0,535019
0,504454	0,542913
0,505445	0,529592
0,506436	0,495714
0,507427	0,500812
0,508418	0,507226
0,509409	0,514133
0,510400	0,520876
0,511391	0,518574
0,512382	0,485518
0,513373	0,478775
0,514364	0,484531
0,515355	0,490287
0,516346	0,495879
0,517337	0,502292
0,518329	0,474006
0,519320	0,453614
0,520311	0,459041
0,521302	0,465290
0,522293	0,471210
0,523284	0,477131
0,524275	0,461507
0,525266	0,429768
0,526257	0,435030
0,527248	0,440293
0,528239	0,444897
0,529230	0,450160
0,530221	0,451969
0,531212	0,417598
0,532203	0,408882
0,533195	0,413158
0,534186	0,417762
0,535177	0,422531
0,536168	0,426972
0,537159	0,408553
0,538150	0,381418
0,539141	0,385858
0,540132	0,390298
0,541123	0,394081
0,542114	0,398521
0,543105	0,395232
0,544096	0,359709
0,545087	0,358887
0,546078	0,361847
0,547070	0,365959
0,548061	0,369741
0,549052	0,373359
0,550043	0,347046
0,551034	0,330765
0,552025	0,333890
0,553016	0,337343
0,554007	0,340139
0,554998	0,343428
0,555989	0,333890
0,556980	0,301986
0,557971	0,304617
0,558962	0,308728
0,559953	0,308893
0,560944	0,315142
0,561936	0,317280
0,562927	0,284718
0,563918	0,275179
0,564909	0,276659
0,565900	0,278468
0,566891	0,280277
0,567882	0,282415
0,568873	0,270246
0,569864	0,244426
0,570855	0,245742
0,571846	0,247715
0,572837	0,249689
0,573828	0,250675
0,574819	0,249689
0,575810	0,214824
0,576802	0,215975
0,577793	0,216798
0,578784	0,217949
0,579775	0,219429
0,580766	0,220416
0,581757	0,189827
0,582748	0,185222
0,583739	0,185880
0,584730	0,186538
0,585721	0,186867
0,586712	0,187689
0,587703	0,169763
0,588694	0,153482
0,589685	0,153811
0,590677	0,153482
0,591668	0,153153
0,592659	0,153153
0,593650	0,152331
0,594641	0,121413
0,595632	0,120920
0,596623	0,120591
0,597614	0,119769
0,598605	0,118947
0,599596	0,118618
0,600587	0,096745
0,601578	0,087700
0,602569	0,086713
0,603560	0,085398
0,604551	0,083753
0,605543	0,082437
0,606534	0,081944
0,607525	0,054644
0,608516	0,053493
0,609507	0,051355
0,610498	0,050040
0,611489	0,048395
0,612480	0,046915
0,613471	0,023069
0,614462	0,019944
0,615453	0,018135
0,616444	0,015669
0,617435	0,013695
0,618426	0,012215
0,619417	0,000045
0,620409	-0,012618
0,621400	-0,015085
0,622391	-0,018209
0,623382	-0,020512
0,624373	-0,023143
0,625364	-0,025939
0,626355	-0,045838
0,627346	-0,048305
0,628337	-0,051758
0,629328	-0,054883
0,630319	-0,058007
0,631310	-0,061297
0,632301	-0,078729
0,633292	-0,082511
0,634283	-0,085965
0,635275	-0,089747
0,636266	-0,093694
0,637257	-0,096983
0,638248	-0,111291
0,639239	-0,115567
0,640230	-0,120007
0,641221	-0,124118
0,642212	-0,127901
0,643203	-0,132012
0,644194	-0,136946
0,645185	-0,149445
0,646176	-0,153392
0,647167	-0,158325
0,648158	-0,162930
0,649150	-0,167864
0,650141	-0,172962
0,651132	-0,182993
0,652123	-0,187434
0,653114	-0,191381
0,654105	-0,197959
0,655096	-0,201248
0,656087	-0,206182
0,657078	-0,214240
0,658069	-0,220654
0,659060	-0,226245
0,660051	-0,232495
0,661042	-0,237264
0,662033	-0,239402
0,663024	-0,240059
0,664016	-0,240224
0,665007	-0,240717
0,665998	-0,240388
0,666989	-0,240553
0,667980	-0,240717
0,668971	-0,240388
0,669962	-0,240224
0,670953	-0,240553
0,671944	-0,240717
0,672935	-0,240717
0,673926	-0,240553
0,674917	-0,240388
0,675908	-0,240717
0,676899	-0,241046
0,677890	-0,240553
0,678882	-0,240882
0,679873	-0,240553
0,680864	-0,240224
0,681855	-0,240553
0,682846	-0,240717
0,683837	-0,241046
0,684828	-0,240553
0,685819	-0,240717
0,686810	-0,240553
0,687801	-0,240553
0,688792	-0,240882
0,689783	-0,240882
0,690774	-0,240388
0,691765	-0,240717
0,692757	-0,240882
0,693748	-0,240553
0,694739	-0,240882
0,695730	-0,240717
0,696721	-0,240717
0,697712	-0,240882
0,698703	-0,240553
0,699694	-0,241046
0,700685	-0,240717
0,701676	-0,240717
0,702667	-0,240882
0,703658	-0,240717
0,704649	-0,240553
0,705640	-0,240882
0,706631	-0,240717
0,707623	-0,240717
0,708614	-0,240717
0,709605	-0,240224
0,710596	-0,240553
0,711587	-0,240882
0,712578	-0,240553
0,713569	-0,240553
0,714560	-0,240717
0,715551	-0,240388
0,716542	-0,240553
0,717533	-0,240388
0,718524	-0,240717
0,719515	-0,241046
0,720506	-0,240882
0,721497	-0,240717
0,722489	-0,240882
0,723480	-0,240553
0,724471	-0,241046
0,725462	-0,240388
0,726453	-0,240553
0,727444	-0,240717
0,728435	-0,240882
0,729426	-0,241046
0,730417	-0,240882
0,731408	-0,240717
0,732399	-0,240553
0,733390	-0,240717
0,734381	-0,240717
0,735372	-0,240388
0,736363	-0,240882
0,737355	-0,240553
0,738346	-0,241046
0,739337	-0,240717
0,740328	-0,240717
0,741319	-0,240388
0,742310	-0,241046
0,743301	-0,240553
0,744292	-0,240717
0,745283	-0,240717
0,746274	-0,240717
0,747265	-0,240553
0,748256	-0,241211
0,749247	-0,240553
0,750238	-0,239237
0,751230	-0,240882
0,752221	-0,239237
0,753212	-0,238250
0,754203	-0,239402
0,755194	-0,240388
0,756185	-0,240553
0,757176	-0,240717
0,758167	-0,240717
0,759158	-0,240717
0,760149	-0,240717
0,761140	-0,240717
0,762131	-0,240717
0,763122	-0,241211
0,764113	-0,241046
0,765104	-0,240717
0,766096	-0,240717
0,767087	-0,241211
0,768078	-0,240717
0,769069	-0,241211
0,770060	-0,241046
0,771051	-0,240717
0,772042	-0,240882
0,773033	-0,240553
0,774024	-0,240388
0,775015	-0,240882
0,776006	-0,240717
0,776997	-0,240717
0,777988	-0,240717
0,778979	-0,240882
0,779970	-0,240882
0,780962	-0,240717
0,781953	-0,240717
0,782944	-0,240882
0,783935	-0,241046
0,784926	-0,241375
0,785917	-0,240717
0,786908	-0,240882
0,787899	-0,240553
0,788890	-0,240717
0,789881	-0,241046
0,790872	-0,241211
0,791863	-0,240388
0,792854	-0,240717
0,793845	-0,241046
0,794837	-0,240717
0,795828	-0,241375
0,796819	-0,241046
0,797810	-0,240882
0,798801	-0,241046
0,799792	-0,241046
0,800783	-0,240882
0,801774	-0,240553
0,802765	-0,240882
0,803756	-0,240882
0,804747	-0,240717
0,805738	-0,241211
0,806729	-0,240553
0,807720	-0,240882
0,808711	-0,241211
0,809703	-0,240882
0,810694	-0,241211
0,811685	-0,240882
0,812676	-0,240553
0,813667	-0,240882
0,814658	-0,241211
0,815649	-0,240882
0,816640	-0,240882
0,817631	-0,240717
0,818622	-0,240882
0,819613	-0,240717
0,820604	-0,241211
0,821595	-0,241046
0,822586	-0,240553
0,823577	-0,240882
0,824569	-0,240882
0,825560	-0,240882
0,826551	-0,240388
0,827542	-0,241211
0,828533	-0,240717
0,829524	-0,240717
0,830515	-0,240882
0,831506	-0,240717
0,832497	-0,240882
0,833488	-0,240717
0,834479	-0,240553
0,835470	-0,240882
0,836461	-0,240717
0,837452	-0,240388
0,838443	-0,240717
0,839435	-0,240717
0,840426	-0,240553
0,841417	-0,240388
0,842408	-0,240882
0,843399	-0,240553
0,844390	-0,241046
0,845381	-0,241211
0,846372	-0,240224
0,847363	-0,239073
0,848354	-0,241211
0,849345	-0,239237
0,850336	-0,237922
0,851327	-0,239731
0,852318	-0,239895
0,853310	-0,240882
0,854301	-0,240882
0,855292	-0,240717
0,856283	-0,240882
0,857274	-0,241046
0,858265	-0,240882
0,859256	-0,240882
0,860247	-0,240882
0,861238	-0,241211
0,862229	-0,240717
0,863220	-0,240717
0,864211	-0,240882
0,865202	-0,241375
0,866193	-0,241046
0,867184	-0,240882
0,868176	-0,240553
0,869167	-0,240717
0,870158	-0,240882
0,871149	-0,240882
0,872140	-0,240553
0,873131	-0,240717
0,874122	-0,241046
0,875113	-0,241211
0,876104	-0,241046
0,877095	-0,240717
0,878086	-0,240553
0,879077	-0,241046
0,880068	-0,240553
0,881059	-0,240882
0,882050	-0,240717
0,883042	-0,240553
0,884033	-0,240882
0,885024	-0,240717
0,886015	-0,240882
0,887006	-0,240224
0,887997	-0,241211
0,888988	-0,240553
0,889979	-0,240553
0,890970	-0,240717
0,891961	-0,240553
0,892952	-0,241046
0,893943	-0,240882
0,894934	-0,240717
0,895925	-0,240553
0,896917	-0,241540
0,897908	-0,240553
0,898899	-0,240882
0,899890	-0,241046
0,900881	-0,240882
0,901872	-0,241046
0,902863	-0,240717
0,903854	-0,240717
0,904845	-0,241540
0,905836	-0,241046
0,906827	-0,241046
0,907818	-0,240717
0,908809	-0,241046
0,909800	-0,226903
0,910791	-0,227067
0,911783	-0,227232
0,912774	-0,227067
0,913765	-0,227232
0,914756	-0,227067
0,915747	-0,226903
0,916738	-0,227725
0,917729	-0,227232
0,918720	-0,226739
0,919711	-0,227232
0,920702	-0,227232
0,921693	-0,227067
0,922684	-0,226903
0,923675	-0,227232
0,924666	-0,227232
0,925657	-0,227067
0,926649	-0,227396
0,927640	-0,227232
0,928631	-0,227067
0,929622	-0,227396
0,930613	-0,227067
0,931604	-0,227232
0,932595	-0,227396
0,933586	-0,227232
0,934577	-0,227561
0,935568	-0,227561
0,936559	-0,227067
0,937550	-0,226903
0,938541	-0,227232
0,939532	-0,227396
0,940523	-0,227396
0,941515	-0,227396
0,942506	-0,227067
0,943497	-0,226739
0,944488	-0,225752
0,945479	-0,227890
0,946470	-0,224765
0,947461	-0,225094
0,948452	-0,226903
0,949443	-0,226574
0,950434	-0,227067
0,951425	-0,227396
0,952416	-0,227396
0,953407	-0,227725
0,954398	-0,227396
0,955390	-0,227396
0,956381	-0,227561
0,957372	-0,227725
0,958363	-0,227725
0,959354	-0,227561
0,960345	-0,227561
0,961336	-0,227725
0,962327	-0,227725
0,963318	-0,227890
0,964309	-0,227232
0,965300	-0,227232
0,966291	-0,227561
0,967282	-0,227725
0,968273	-0,227561
0,969264	-0,227561
0,970256	-0,227725
0,971247	-0,227396
0,972238	-0,227561
0,973229	-0,227396
0,974220	-0,227396
0,975211	-0,227232
0,976202	-0,227396
0,977193	-0,227561
0,978184	-0,227561
0,979175	-0,227561
0,980166	-0,228054
0,981157	-0,227561
0,982148	-0,227725
0,983139	-0,227396
0,984130	-0,227396
0,985122	-0,227232
0,986113	-0,227232
0,987104	-0,227396
0,988095	-0,227232
0,989086	-0,227396
0,990077	-0,227232
0,991068	-0,227561
0,992059	-0,227232
0,993050	-0,226903
0,994041	-0,227561
0,995032	-0,227561
0,996023	-0,227396
0,997014	-0,227232
0,998005	-0,227725
0,998997	-0,227561
0,999988	-0,227396
1,000979	-0,227561
1,001970	-0,227396
1,002961	-0,227725
1,003952	-0,227890
1,004943	-0,227890
1,005934	-0,227725
1,006925	-0,227725
1,007916	-0,227561
1,008907	-0,227561
1,009898	-0,227396
1,010889	-0,227232
1,011880	-0,228054
1,012871	-0,227725
1,013863	-0,227725
1,014854	-0,227561
1,015845	-0,227561
1,016836	-0,227725
1,017827	-0,227232
1,018818	-0,227725
1,019809	-0,227725
1,020800	-0,227561
1,021791	-0,227561
1,022782	-0,227725
1,023773	-0,226574
1,024764	-0,226081
1,025755	-0,225752
1,026746	-0,225916
1,027737	-0,226081
1,028729	-0,226081
1,029720	-0,225916
1,030711	-0,226081
1,031702	-0,225916
1,032693	-0,226081
1,033684	-0,225916
1,034675	-0,226081
1,035666	-0,225587
1,036657	-0,225916
1,037648	-0,225423
1,038639	-0,223449
1,039630	-0,226739
1,040621	-0,223778
1,041612	-0,223285
1,042603	-0,226245
1,043595	-0,225752
1,044586	-0,225587
1,045577	-0,225752
1,046568	-0,225752
1,047559	-0,226081
1,048550	-0,226245
1,049541	-0,225916
1,050532	-0,226081
1,051523	-0,226081
1,052514	-0,225916
1,053505	-0,226245
1,054496	-0,226081
1,055487	-0,225916
1,056478	-0,226081
1,057470	-0,226410
1,058461	-0,226245
1,059452	-0,226081
1,060443	-0,225752
1,061434	-0,226081
1,062425	-0,226245
1,063416	-0,225916
1,064407	-0,226081
1,065398	-0,226245
1,066389	-0,225916
1,067380	-0,225916
1,068371	-0,226081
1,069362	-0,225916
1,070353	-0,225916
1,071344	-0,225916
1,072336	-0,226081
1,073327	-0,225916
1,074318	-0,226081
1,075309	-0,225916
1,076300	-0,225916
1,077291	-0,226410
1,078282	-0,226245
1,079273	-0,226081
1,080264	-0,226081
1,081255	-0,225916
1,082246	-0,226081
1,083237	-0,225752
1,084228	-0,226081
1,085219	-0,226081
1,086210	-0,225752
1,087202	-0,226081
1,088193	-0,225916
1,089184	-0,225258
1,090175	-0,226081
1,091166	-0,226081
1,092157	-0,225752
1,093148	-0,226081
1,094139	-0,225916
1,095130	-0,225916
1,096121	-0,225752
1,097112	-0,225916
1,098103	-0,225916
1,099094	-0,225916
1,100085	-0,226081
1,101077	-0,226410
1,102068	-0,226245
1,103059	-0,225752
1,104050	-0,226245
1,105041	-0,225916
1,106032	-0,226739
1,107023	-0,226574
1,108014	-0,226574
1,109005	-0,226245
1,109996	-0,226081
1,110987	-0,226410
1,111978	-0,225916
1,112969	-0,225916
1,113960	-0,226081
1,114951	-0,226081
1,115943	-0,226410
1,116934	-0,226245
1,117925	-0,226245
1,118916	-0,226245
1,119907	-0,226245
1,120898	-0,225916
1,121889	-0,226574
1,122880	-0,226574
1,123871	-0,226245
1,124862	-0,226574
1,125853	-0,226081
1,126844	-0,226081
1,127835	-0,225916
1,128826	-0,226081
1,129817	-0,226245
1,130809	-0,226081
1,131800	-0,226245
1,132791	-0,226081
1,133782	-0,224272
1,134773	-0,226903
1,135764	-0,224601
1,136755	-0,222627
1,137746	-0,225258
1,138737	-0,225423
1,139728	-0,226245
1,140719	-0,226245
1,141710	-0,226081
1,142701	-0,226245
1,143692	-0,226574
1,144683	-0,226081
1,145675	-0,226410
1,146666	-0,226081
1,147657	-0,226410
1,148648	-0,226081
1,149639	-0,226081
1,150630	-0,226574
1,151621	-0,225916
1,152612	-0,222298
1,153603	-0,217036
1,154594	-0,211115
1,155585	-0,205359
1,156576	-0,199603
1,157567	-0,196150
1,158558	-0,190065
1,159550	-0,183651
1,160541	-0,176909
1,161532	-0,170495
1,162523	-0,163588
1,163514	-0,163259
1,164505	-0,156516
1,165496	-0,149774
1,166487	-0,142866
1,167478	-0,135959
1,168469	-0,128723
1,169460	-0,123296
1,170451	-0,123296
1,171442	-0,116225
1,172433	-0,108824
1,173424	-0,101424
1,174416	-0,093694
1,175407	-0,087280
1,176398	-0,090570
1,177389	-0,082676
1,178380	-0,075275
1,179371	-0,067381
1,180362	-0,059159
1,181353	-0,053732
1,182344	-0,057843
1,183335	-0,050442
1,184326	-0,041726
1,185317	-0,033668
1,186308	-0,025281
1,187299	-0,018867
1,188290	-0,026103
1,189282	-0,017880
1,190273	-0,009164
1,191264	-0,000284
1,192255	0,009090
1,193246	0,018135
1,194237	0,005966
1,195228	0,014682
1,196219	0,023562
1,197210	0,032607
1,198201	0,041981
1,199192	0,051684
1,200183	0,037541
1,201174	0,046093
1,202165	0,055631
1,203157	0,064676
1,204148	0,073886
1,205139	0,084246
1,206130	0,067308
1,207121	0,076682
1,208112	0,086384
1,209103	0,096252
1,210094	0,106119
1,211085	0,116480
1,212076	0,102501
1,213067	0,107435
1,214058	0,116809
1,215049	0,126183
1,216040	0,137201
1,217031	0,148055
1,218023	0,143615
1,219014	0,136872
1,220005	0,147068
1,220996	0,157265
1,221987	0,167461
1,222978	0,178315
1,223969	0,180617
1,224960	0,165323
1,225951	0,175355
1,226942	0,186373
1,227933	0,197227
1,228924	0,208246
1,229915	0,219593
1,230906	0,194925
1,231897	0,203148
1,232889	0,216633
1,233880	0,229296
1,234871	0,237683
1,235862	0,249360
1,236853	0,228309
1,237844	0,231105
1,238835	0,242124
1,239826	0,254129
1,240817	0,265805
1,241808	0,277646
1,242799	0,264983
1,243790	0,258405
1,244781	0,269094
1,245772	0,280935
1,246763	0,292612
1,247755	0,304946
1,248746	0,299683
1,249737	0,284224
1,250728	0,295078
1,251719	0,306919
1,252710	0,318760
1,253701	0,330930
1,254692	0,338659
1,255683	0,311031
1,256674	0,319747
1,257665	0,331752
1,258656	0,343428
1,259647	0,355105
1,260638	0,368426
1,261630	0,350335
1,262621	0,342606
1,263612	0,354118
1,264603	0,366123
1,265594	0,378622
1,266585	0,391449
1,267576	0,388325
1,268567	0,364643
1,269558	0,376319
1,270549	0,388160
1,271540	0,401152
1,272531	0,413651
1,273522	0,424340
1,274513	0,397205
1,275504	0,397534
1,276496	0,409539
1,277487	0,421874
1,278478	0,434537
1,279469	0,448022
1,280460	0,434208
1,281451	0,416940
1,282442	0,429768
1,283433	0,442924
1,284424	0,455423
1,285415	0,468250
1,286406	0,465619
1,287397	0,438977
1,288388	0,449338
1,289379	0,462330
1,290370	0,475157
1,291362	0,488314
1,292353	0,495056
1,293344	0,467263
1,294335	0,467921
1,295326	0,481407
1,296317	0,494728
1,297308	0,508542
1,298299	0,519560
1,299290	0,492425
1,300281	0,486340
1,301272	0,499003
1,302263	0,512160
1,303254	0,525974
1,304245	0,539953
1,305237	0,520547
1,306228	0,503115
1,307219	0,515942
1,308210	0,528605
1,309201	0,542420
1,310192	0,556234
1,311183	0,545873
1,312174	0,519231
1,313165	0,530908
1,314156	0,543735
1,315147	0,557056
1,316138	0,570706
1,317129	0,573995
1,318120	0,547518
1,319111	0,543900
1,320103	0,557385
1,321094	0,570542
1,322085	0,584027
1,323076	0,597348
1,324067	0,570706
1,325058	0,557385
1,326049	0,571199
1,327040	0,585178
1,328031	0,601459
1,329022	0,614780
1,330013	0,588467
1,331004	0,570706
1,331995	0,584027
1,332986	0,597512
1,333977	0,611327
1,334969	0,625305
1,335960	0,608038
1,336951	0,581396
1,337942	0,594552
1,338933	0,606886
1,339924	0,620536
1,340915	0,635337
1,341906	0,626785
1,342897	0,599650
1,343888	0,604091
1,344879	0,617083
1,345870	0,630568
1,346861	0,644218
1,347852	0,644711
1,348843	0,617905
1,349835	0,611820
1,350826	0,624154
1,351817	0,637311
1,352808	0,650467
1,353799	0,663624
1,354790	0,638626
1,355781	0,617412
1,356772	0,630075
1,357763	0,643396
1,358754	0,656223
1,359745	0,669708
1,360736	0,652770
1,361727	0,625634
1,362718	0,635173
1,363710	0,647671
1,364701	0,661321
1,365692	0,674478
1,366683	0,667242
1,367674	0,639778
1,368665	0,639120
1,369656	0,651947
1,370647	0,664446
1,371638	0,677109
1,372629	0,682043
1,373620	0,654743
1,374611	0,641093
1,375602	0,653427
1,376593	0,666748
1,377584	0,679411
1,378576	0,692897
1,379567	0,665926
1,380558	0,642902
1,381549	0,654579
1,382540	0,667242
1,383531	0,680234
1,384522	0,693226
1,385513	0,675793
1,386504	0,647836
1,387495	0,655072
1,388486	0,667406
1,389477	0,680727
1,390468	0,693555
1,391459	0,682043
1,392450	0,653756
1,393442	0,654579
1,394433	0,666913
1,395424	0,679411
1,396415	0,692568
1,397406	0,687305
1,398397	0,658197
1,399388	0,653263
1,400379	0,664775
1,401370	0,676945
1,402361	0,688950
1,403352	0,692239
1,404343	0,664117
1,405334	0,649480
1,406325	0,660828
1,407317	0,672833
1,408308	0,684838
1,409299	0,695528
1,410290	0,666913
1,411281	0,644711
1,412272	0,656223
1,413263	0,667571
1,414254	0,678918
1,415245	0,691088
1,416236	0,668722
1,417227	0,639120
1,418218	0,650138
1,419209	0,661815
1,420200	0,673162
1,421191	0,684674
1,422183	0,669544
1,423174	0,636817
1,424165	0,646191
1,425156	0,656881
1,426147	0,667242
1,427138	0,677767
1,428129	0,664117
1,429120	0,633857
1,430111	0,635831
1,431102	0,646849
1,432093	0,657210
1,433084	0,668393
1,434075	0,660828
1,435066	0,630732
1,436057	0,626621
1,437049	0,636488
1,438040	0,646849
1,439031	0,658032
1,440022	0,657374
1,441013	0,627443
1,442004	0,615602
1,442995	0,625634
1,443986	0,635502
1,444977	0,645369
1,445968	0,652276
1,446959	0,621358
1,447950	0,604255
1,448941	0,613465
1,449932	0,623332
1,450923	0,632541
1,451915	0,643067
1,452906	0,613958
1,453897	0,590934
1,454888	0,600308
1,455879	0,609847
1,456870	0,619221
1,457861	0,628430
1,458852	0,606229
1,459843	0,577120
1,460834	0,586000
1,461825	0,595046
1,462816	0,603597
1,463807	0,612642
1,464798	0,596526
1,465790	0,563799
1,466781	0,569884
1,467772	0,578435
1,468763	0,586987
1,469754	0,595703
1,470745	0,586329
1,471736	0,553109
1,472727	0,553603
1,473718	0,561168
1,474709	0,569555
1,475700	0,577120
1,476691	0,576462
1,477682	0,544393
1,478673	0,534855
1,479664	0,541926
1,480656	0,549820
1,481647	0,557221
1,482638	0,565443
1,483629	0,533046
1,484620	0,515449
1,485611	0,522356
1,486602	0,529757
1,487593	0,537157
1,488584	0,544722
1,489575	0,520054
1,490566	0,495714
1,491557	0,502128
1,492548	0,508213
1,493539	0,514791
1,494530	0,521534
1,495522	0,511173
1,496513	0,476802
1,497504	0,479104
1,498495	0,484860
1,499486	0,490945
1,500477	0,496865
1,501468	0,499332
1,502459	0,465290
1,503450	0,456245
1,504441	0,462001
1,505432	0,467428
1,506423	0,473513
1,507414	0,478940
1,508405	0,450818
1,509397	0,432234
1,510388	0,437004
1,511379	0,442102
1,512370	0,447364
1,513361	0,453285
1,514352	0,435030
1,515343	0,407730
1,516334	0,413158
1,517325	0,417927
1,518316	0,423354
1,519307	0,429603
1,520298	0,413322
1,521289	0,385693
1,522280	0,391614
1,523271	0,394245
1,524263	0,397205
1,525254	0,401646
1,526245	0,392107
1,527236	0,359381
1,528227	0,363327
1,529218	0,366617
1,530209	0,370235
1,531200	0,374182
1,532191	0,367603
1,533182	0,332245
1,534173	0,335699
1,535164	0,339481
1,536155	0,342442
1,537146	0,345566
1,538137	0,343099
1,539129	0,305439
1,540120	0,308564
1,541111	0,311031
1,542102	0,313497
1,543093	0,315964
1,544084	0,319089
1,545075	0,285047
1,546066	0,279948
1,547057	0,282086
1,548048	0,284553
1,549039	0,286691
1,550030	0,288500
1,551021	0,264819
1,552012	0,251004
1,553003	0,251991
1,553995	0,254129
1,554986	0,254951
1,555977	0,256596
1,556968	0,246071
1,557959	0,220580
1,558950	0,221402
1,559941	0,223047
1,560932	0,223869
1,561923	0,225020
1,562914	0,222718
1,563905	0,190649
1,564896	0,191471
1,565887	0,191471
1,566878	0,192458
1,567870	0,192294
1,568861	0,192787
1,569852	0,163843
1,570843	0,159403
1,571834	0,159732
1,572825	0,159732
1,573816	0,159732
1,574807	0,159403
1,575798	0,145753
1,576789	0,127992
1,577780	0,127169
1,578771	0,126183
1,579762	0,126183
1,580753	0,125689
1,581744	0,124209
1,582736	0,095758
1,583727	0,094607
1,584718	0,093292
1,585709	0,092305
1,586700	0,091318
1,587691	0,090331
1,588682	0,065005
1,589673	0,062209
1,590664	0,060565
1,591655	0,058920
1,592646	0,057440
1,593637	0,055960
1,594628	0,043462
1,595619	0,029812
1,596610	0,027509
1,597602	0,025371
1,598593	0,023234
1,599584	0,021096
1,600575	0,018958
1,601566	-0,003244
1,602557	-0,005546
1,603548	-0,008177
1,604539	-0,011138
1,605530	-0,013933
1,606521	-0,016729
1,607512	-0,036628
1,608503	-0,039588
1,609494	-0,042384
1,610485	-0,045673
1,611477	-0,048633
1,612468	-0,052087
1,613459	-0,059816
1,614450	-0,072480
1,615441	-0,074782
1,616432	-0,080538
1,617423	-0,081853
1,618414	-0,084485
1,619405	-0,091227
1,620396	-0,105864
1,621387	-0,109811
1,622378	-0,114087
1,623369	-0,118691
1,624360	-0,123132
1,625351	-0,127736
1,626343	-0,132835
1,627334	-0,144182
1,628325	-0,148622
1,629316	-0,153227
1,630307	-0,158325
1,631298	-0,163752
1,632289	-0,168850
1,633280	-0,178224
1,634271	-0,182993
1,635262	-0,188092
1,636253	-0,193354
1,637244	-0,198781
1,638235	-0,204208
1,639226	-0,209964
1,640217	-0,216542
1,641209	-0,221969
1,642200	-0,225916
1,643191	-0,227725
1,644182	-0,228548
1,645173	-0,228548
1,646164	-0,228712
1,647155	-0,228383
1,648146	-0,228219
1,649137	-0,229041
1,650128	-0,228876
1,651119	-0,228548
1,652110	-0,228712
1,653101	-0,228383
1,654092	-0,228383
1,655083	-0,228876
1,656075	-0,229205
1,657066	-0,228712
1,658057	-0,228876
1,659048	-0,228876
1,660039	-0,228712
1,661030	-0,228876
1,662021	-0,228876
1,663012	-0,228712
1,664003	-0,229041
1,664994	-0,228876
1,665985	-0,229205
1,666976	-0,228712
1,667967	-0,228712
1,668958	-0,229041
1,669950	-0,228876
1,670941	-0,228876
1,671932	-0,229041
1,672923	-0,228383
1,673914	-0,228876
1,674905	-0,228548
1,675896	-0,228548
1,676887	-0,228876
1,677878	-0,224930
1,678869	-0,229205
1,679860	-0,229205
1,680851	-0,229205
1,681842	-0,229041
1,682833	-0,228712
1,683824	-0,229205
1,684816	-0,229205
1,685807	-0,228548
1,686798	-0,229041
1,687789	-0,228712
1,688780	-0,228876
1,689771	-0,228712
1,690762	-0,228548
1,691753	-0,228712
1,692744	-0,228876
1,693735	-0,228876
1,694726	-0,228876
1,695717	-0,228876
1,696708	-0,228712
1,697699	-0,228383
1,698690	-0,228712
1,699682	-0,229041
1,700673	-0,229041
1,701664	-0,228548
1,702655	-0,228712
1,703646	-0,228712
1,704637	-0,228876
1,705628	-0,228712
1,706619	-0,226410
1,707610	-0,229534
1,708601	-0,226081
1,709592	-0,226739
1,710583	-0,228383
1,711574	-0,229041
1,712565	-0,228712
1,713557	-0,228876
1,714548	-0,229205
1,715539	-0,229041
1,716530	-0,228876
1,717521	-0,229205
1,718512	-0,229205
1,719503	-0,229041
1,720494	-0,229041
1,721485	-0,229041
1,722476	-0,229041
1,723467	-0,229370
1,724458	-0,229205
1,725449	-0,228548
1,726440	-0,229534
1,727431	-0,228712
1,728423	-0,228876
1,729414	-0,229205
1,730405	-0,228548
1,731396	-0,228876
1,732387	-0,228876
1,733378	-0,228876
1,734369	-0,228876
1,735360	-0,228876
1,736351	-0,229041
1,737342	-0,228876
1,738333	-0,229041
1,739324	-0,228876
1,740315	-0,228712
1,741306	-0,228712
1,742297	-0,229041
1,743289	-0,228548
1,744280	-0,228876
1,745271	-0,228712
1,746262	-0,228876
1,747253	-0,228876
1,748244	-0,228712
1,749235	-0,229205
1,750226	-0,228712
1,751217	-0,228548
1,752208	-0,229205
1,753199	-0,229041
1,754190	-0,229205
1,755181	-0,228876
1,756172	-0,229041
1,757163	-0,228876
1,758155	-0,228712
1,759146	-0,229370
1,760137	-0,229205
1,761128	-0,228712
1,762119	-0,229041
1,763110	-0,229370
1,764101	-0,229041
1,765092	-0,229370
1,766083	-0,229041
1,767074	-0,229041
1,768065	-0,229370
1,769056	-0,228876
1,770047	-0,229205
1,771038	-0,228876
1,772030	-0,228712
1,773021	-0,229370
1,774012	-0,228876
1,775003	-0,228876
1,775994	-0,229205
1,776985	-0,228712
1,777976	-0,229370
1,778967	-0,228712
1,779958	-0,228876
1,780949	-0,229041
1,781940	-0,229041
1,782931	-0,229041
1,783922	-0,229041
1,784913	-0,228876
1,785904	-0,229041
1,786896	-0,229205
1,787887	-0,229041
1,788878	-0,229534
1,789869	-0,229041
1,790860	-0,228548
1,791851	-0,229370
1,792842	-0,228876
1,793833	-0,229041
1,794824	-0,228712
1,795815	-0,229370
1,796806	-0,229205
1,797797	-0,229041
1,798788	-0,228876
1,799779	-0,228548
1,800770	-0,226903
1,801762	-0,229205
1,802753	-0,226081
1,803744	-0,227067
1,804735	-0,228383
1,805726	-0,228548
1,806717	-0,229041
1,807708	-0,228876
1,808699	-0,229041
1,809690	-0,228712
1,810681	-0,229205
1,811672	-0,229205
1,812663	-0,229041
1,813654	-0,229041
1,814645	-0,229205
1,815637	-0,229041
1,816628	-0,229205
1,817619	-0,229205
1,818610	-0,229041
1,819601	-0,229205
1,820592	-0,229041
1,821583	-0,229205
1,822574	-0,229205
1,823565	-0,229041
1,824556	-0,229041
1,825547	-0,229370
1,826538	-0,229205
1,827529	-0,229370
1,828520	-0,228876
1,829511	-0,229205
1,830503	-0,229041
1,831494	-0,229205
1,832485	-0,229534
1,833476	-0,229041
1,834467	-0,229205
1,835458	-0,229205
1,836449	-0,228876
1,837440	-0,229370
1,838431	-0,229370
1,839422	-0,229205
1,840413	-0,229041
1,841404	-0,229205
1,842395	-0,229699
1,843386	-0,229370
1,844377	-0,229205
1,845369	-0,229370
1,846360	-0,229041
1,847351	-0,229205
1,848342	-0,229370
1,849333	-0,228548
1,850324	-0,229041
1,851315	-0,229041
1,852306	-0,229205
1,853297	-0,229041
1,854288	-0,228876
1,855279	-0,229041
1,856270	-0,229534
1,857261	-0,229041
1,858252	-0,229041
1,859243	-0,229041
1,860235	-0,229041
1,861226	-0,229205
1,862217	-0,229041
1,863208	-0,229205
1,864199	-0,229370
1,865190	-0,229370
1,866181	-0,229041
1,867172	-0,228876
1,868163	-0,229205
1,869154	-0,229370
1,870145	-0,229041
1,871136	-0,229534
1,872127	-0,229041
1,873118	-0,229041
1,874110	-0,229370
1,875101	-0,229041
1,876092	-0,228712
1,877083	-0,229205
1,878074	-0,229041
1,879065	-0,229041
1,880056	-0,229205
1,881047	-0,228876
1,882038	-0,229041
1,883029	-0,229370
1,884020	-0,228712
1,885011	-0,229041
1,886002	-0,229205
1,886993	-0,229041
1,887984	-0,229041
1,888976	-0,229205
1,889967	-0,229205
1,890958	-0,229205
1,891949	-0,228876
1,892940	-0,228876
1,893931	-0,227067
1,894922	-0,229863
1,895913	-0,226739
1,896904	-0,226739
1,897895	-0,228219
1,898886	-0,228876
1,899877	-0,228712
1,900868	-0,229041
1,901859	-0,242855
1,902850	-0,242362
1,903842	-0,242855
1,904833	-0,242691
1,905824	-0,242362
1,906815	-0,242526
1,907806	-0,242526
1,908797	-0,242362
1,909788	-0,242033
1,910779	-0,242526
1,911770	-0,242855
1,912761	-0,242362
1,913752	-0,242526
1,914743	-0,242362
1,915734	-0,242691
1,916725	-0,242526
1,917717	-0,242855
1,918708	-0,242691
1,919699	-0,242526
1,920690	-0,242526
1,921681	-0,242526
1,922672	-0,242855
1,923663	-0,242691
1,924654	-0,242526
1,925645	-0,243020
1,926636	-0,242855
1,927627	-0,242362
1,928618	-0,242855
1,929609	-0,242691
1,930600	-0,242526
1,931591	-0,242526
1,932583	-0,242362
1,933574	-0,242691
1,934565	-0,242691
1,935556	-0,242691
1,936547	-0,242526
1,937538	-0,242526
1,938529	-0,242526
1,939520	-0,242362
1,940511	-0,242526
1,941502	-0,242691
1,942493	-0,242526
1,943484	-0,242526
1,944475	-0,242691
1,945466	-0,242526
1,946457	-0,242526
1,947449	-0,242362
1,948440	-0,242197
1,949431	-0,242362
1,950422	-0,242526
1,951413	-0,242526
1,952404	-0,242691
1,953395	-0,242691
1,954386	-0,242691
1,955377	-0,242526
1,956368	-0,242526
1,957359	-0,242691
1,958350	-0,242526
1,959341	-0,242362
1,960332	-0,242855
1,961323	-0,242362
1,962315	-0,242362
1,963306	-0,242362
1,964297	-0,242526
1,965288	-0,242526
1,966279	-0,242526
1,967270	-0,242526
1,968261	-0,242855
1,969252	-0,242691
1,970243	-0,242362
1,971234	-0,243020
1,972225	-0,242855
1,973216	-0,242691
1,974207	-0,242691
1,975198	-0,242691
1,976190	-0,242855
1,977181	-0,242691
1,978172	-0,243184
1,979163	-0,243184
1,980154	-0,242691
1,981145	-0,242526
1,982136	-0,242362
1,983127	-0,242691
1,984118	-0,242197
1,985109	-0,242526
1,986100	-0,242033
1,987091	-0,241211
1,988082	-0,243020
1,989073	-0,240882
1,990064	-0,240388
1,991056	-0,241211
1,992047	-0,241868
1,993038	-0,242691
1,994029	-0,242526
1,995020	-0,242362
1,996011	-0,242526
1,997002	-0,242362
1,997993	-0,242362
1,998984	-0,242855
1,999975	-0,242526
2,000966	-0,242526
2,001957	-0,242362
2,002948	-0,242691
2,003939	-0,242526
2,004930	-0,242855
2,005922	-0,242033
2,006913	-0,242526
2,007904	-0,242526
2,008895	-0,242362
2,009886	-0,242362
2,010877	-0,242362
2,011868	-0,242526
2,012859	-0,242526
2,013850	-0,242855
2,014841	-0,242362
2,015832	-0,242691
2,016823	-0,242691
2,017814	-0,242691
2,018805	-0,242691
2,019797	-0,242855
2,020788	-0,242855
2,021779	-0,242197
2,022770	-0,242197
2,023761	-0,242691
2,024752	-0,242362
2,025743	-0,242855
2,026734	-0,242362
2,027725	-0,242691
2,028716	-0,243020
2,029707	-0,242526
2,030698	-0,242691
2,031689	-0,242691
2,032680	-0,242362
2,033671	-0,242526
2,034663	-0,242691
2,035654	-0,242526
2,036645	-0,242691
2,037636	-0,242033
2,038627	-0,241375
2,039618	-0,241211
2,040609	-0,241046
2,041600	-0,241046
2,042591	-0,240882
2,043582	-0,240717
2,044573	-0,240882
2,045564	-0,240553
2,046555	-0,240882
2,047546	-0,240553
2,048537	-0,241046
2,049529	-0,240717
2,050520	-0,241375
2,051511	-0,240882
2,052502	-0,240882
2,053493	-0,240882
2,054484	-0,240553
2,055475	-0,241046
2,056466	-0,240388
2,057457	-0,241046
2,058448	-0,241046
2,059439	-0,240388
2,060430	-0,240717
2,061421	-0,240553
2,062412	-0,240717
2,063403	-0,240882
2,064395	-0,240717
2,065386	-0,241046
2,066377	-0,241046
2,067368	-0,240882
2,068359	-0,240553
2,069350	-0,240882
2,070341	-0,241046
2,071332	-0,241046
2,072323	-0,241046
2,073314	-0,240882
2,074305	-0,240882
2,075296	-0,241046
2,076287	-0,241046
2,077278	-0,240882
2,078270	-0,241375
2,079261	-0,240882
2,080252	-0,240388
2,081243	-0,239566
2,082234	-0,240553
2,083225	-0,238250
2,084216	-0,239402
2,085207	-0,240224
2,086198	-0,240553
2,087189	-0,240882
2,088180	-0,240882
2,089171	-0,240717
2,090162	-0,241046
2,091153	-0,241211
2,092144	-0,241046
2,093136	-0,240717
2,094127	-0,240717
2,095118	-0,240882
2,096109	-0,240882
2,097100	-0,240882
2,098091	-0,240882
2,099082	-0,241211
2,100073	-0,240553
2,101064	-0,240717
2,102055	-0,240882
2,103046	-0,240717
2,104037	-0,240717
2,105028	-0,241046
2,106019	-0,240882
2,107010	-0,240882
2,108002	-0,240717
2,108993	-0,240388
2,109984	-0,241375
2,110975	-0,241375
2,111966	-0,240882
2,112957	-0,240882
2,113948	-0,241211
2,114939	-0,241046
2,115930	-0,240882
2,116921	-0,240882
2,117912	-0,240882
2,118903	-0,240882
2,119894	-0,240717
2,120885	-0,241211
2,121877	-0,240882
2,122868	-0,240882
2,123859	-0,241046
2,124850	-0,241211
2,125841	-0,241375
2,126832	-0,241211
2,127823	-0,241046
2,128814	-0,241375
2,129805	-0,240882
2,130796	-0,241046
2,131787	-0,241046
2,132778	-0,239073
2,133769	-0,234961
2,134760	-0,229699
2,135751	-0,223778
2,136743	-0,217694
2,137734	-0,211773
2,138725	-0,205359
2,139716	-0,202399
2,140707	-0,195821
2,141698	-0,190230
2,142689	-0,183487
2,143680	-0,177073
2,144671	-0,170002
2,145662	-0,169837
2,146653	-0,163094
2,147644	-0,156516
2,148635	-0,149280
2,149626	-0,142373
2,150617	-0,135466
2,151609	-0,131026
2,152600	-0,131190
2,153591	-0,123296
2,154582	-0,116225
2,155573	-0,108824
2,156564	-0,101424
2,157555	-0,093365
2,158546	-0,098792
2,159537	-0,091556
2,160528	-0,083169
2,161519	-0,075604
2,162510	-0,067875
2,163501	-0,059981
2,164492	-0,061625
2,165483	-0,058994
2,166475	-0,051594
2,167466	-0,043700
2,168457	-0,035806
2,169448	-0,026925
2,170439	-0,017880
2,171430	-0,028899
2,172421	-0,019689
2,173412	-0,011467
2,174403	-0,002586
2,175394	0,006130
2,176385	0,016820
2,177376	0,014188
2,178367	0,010735
2,179358	0,018300
2,180350	0,027509
2,181341	0,036719
2,182332	0,045928
2,183323	0,055467
2,184314	0,039679
2,185305	0,049053
2,186296	0,058098
2,187287	0,067143
2,188278	0,077175
2,189269	0,086713
2,190260	0,089345
2,191251	0,077833
2,192242	0,087536
2,193233	0,096581
2,194224	0,106283
2,195216	0,116315
2,196207	0,126676
2,197198	0,112862
2,198189	0,116480
2,199180	0,126018
2,200171	0,136050
2,201162	0,146411
2,202153	0,156607
2,203144	0,160225
2,204135	0,143779
2,205126	0,154304
2,206117	0,164665
2,207108	0,175848
2,208099	0,186209
2,209090	0,197721
2,210082	0,174861
2,211073	0,181604
2,212064	0,192294
2,213055	0,203148
2,214046	0,214495
2,215037	0,225843
2,216028	0,218278
2,217019	0,208575
2,218010	0,219429
2,219001	0,230447
2,219992	0,242453
2,220983	0,253636
2,221974	0,256102
2,222965	0,235217
2,223957	0,246564
2,224948	0,257911
2,225939	0,269423
2,226930	0,281922
2,227921	0,292118
2,228912	0,263338
2,229903	0,272712
2,230894	0,284389
2,231885	0,295901
2,232876	0,307906
2,233867	0,320569
2,234858	0,298696
2,235849	0,297216
2,236840	0,309715
2,237831	0,321720
2,238823	0,334548
2,239814	0,346389
2,240805	0,332739
2,241796	0,322707
2,242787	0,334219
2,243778	0,346060
2,244769	0,358558
2,245760	0,370892
2,246751	0,367110
2,247742	0,345237
2,248733	0,357243
2,249724	0,369741
2,250715	0,382569
2,251706	0,395396
2,252697	0,396712
2,253689	0,368261
2,254680	0,380266
2,255671	0,392929
2,256662	0,404770
2,257653	0,418091
2,258644	0,429768
2,259635	0,401975
2,260626	0,401317
2,261617	0,414144
2,262608	0,426478
2,263599	0,439635
2,264590	0,452956
2,265581	0,433879
2,266572	0,421545
2,267563	0,433550
2,268555	0,447200
2,269546	0,462659
2,270537	0,474335
2,271528	0,465454
2,272519	0,439799
2,273510	0,452133
2,274501	0,464797
2,275492	0,477789
2,276483	0,491438
2,277474	0,494563
2,278465	0,467428
2,279456	0,469730
2,280447	0,482887
2,281438	0,496043
2,282430	0,509035
2,283421	0,522849
2,284412	0,498346
2,285403	0,485682
2,286394	0,498346
2,287385	0,511502
2,288376	0,524494
2,289367	0,538308
2,290358	0,527619
2,291349	0,500648
2,292340	0,514133
2,293331	0,526632
2,294322	0,540282
2,295313	0,553274
2,296304	0,556234
2,297296	0,530414
2,298287	0,526467
2,299278	0,539295
2,300269	0,552945
2,301260	0,566924
2,302251	0,580573
2,303242	0,554589
2,304233	0,539624
2,305224	0,552780
2,306215	0,566266
2,307206	0,580244
2,308197	0,594223
2,309188	0,577284
2,310179	0,551958
2,311170	0,564786
2,312162	0,578107
2,313153	0,591592
2,314144	0,605900
2,315135	0,598499
2,316126	0,572022
2,317117	0,575475
2,318108	0,588796
2,319099	0,601788
2,320090	0,614945
2,321081	0,620536
2,322072	0,594059
2,323063	0,584356
2,324054	0,597348
2,325045	0,610833
2,326037	0,624154
2,327028	0,637640
2,328019	0,612971
2,329010	0,592414
2,330001	0,604748
2,330992	0,617576
2,331983	0,630568
2,332974	0,644547
2,333965	0,631719
2,334956	0,603762
2,335947	0,611984
2,336938	0,625305
2,337929	0,638462
2,338920	0,651618
2,339911	0,645862
2,340903	0,618563
2,341894	0,617412
2,342885	0,630568
2,343876	0,643396
2,344867	0,656716
2,345858	0,659677
2,346849	0,632377
2,347840	0,622510
2,348831	0,635008
2,349822	0,648658
2,350813	0,662308
2,351804	0,669051
2,352795	0,642080
2,353786	0,625963
2,354777	0,638462
2,355769	0,651454
2,356760	0,663953
2,357751	0,677767
2,358742	0,655072
2,359733	0,627772
2,360724	0,641258
2,361715	0,653921
2,362706	0,666090
2,363697	0,680069
2,364688	0,666748
2,365679	0,637640
2,366670	0,641751
2,367661	0,653427
2,368652	0,665926
2,369643	0,678425
2,370635	0,672833
2,371626	0,645205
2,372617	0,639120
2,373608	0,650303
2,374599	0,661979
2,375590	0,673984
2,376581	0,686647
2,377572	0,660828
2,378563	0,633528
2,379554	0,645533
2,380545	0,656552
2,381536	0,668228
2,382527	0,680891
2,383518	0,670860
2,384510	0,642244
2,385501	0,640271
2,386492	0,651947
2,387483	0,662966
2,388474	0,674971
2,389465	0,677109
2,390456	0,648658
2,391447	0,633857
2,392438	0,645205
2,393429	0,656388
2,394420	0,668228
2,395411	0,679247
2,396402	0,655894
2,397393	0,627937
2,398384	0,642244
2,399376	0,647836
2,400367	0,660006
2,401358	0,671353
2,402349	0,659677
2,403340	0,631226
2,404331	0,628759
2,405322	0,638955
2,406313	0,649151
2,407304	0,660006
2,408295	0,666748
2,409286	0,638133
2,410277	0,616589
2,411268	0,626292
2,412259	0,636324
2,413250	0,646191
2,414242	0,656223
2,415233	0,645862
2,416224	0,617247
2,417215	0,612642
2,418206	0,623003
2,419197	0,632377
2,420188	0,643231
2,421179	0,647178
2,422170	0,617740
2,423161	0,599979
2,424152	0,610011
2,425143	0,618398
2,426134	0,628266
2,427125	0,638297
2,428117	0,619385
2,429108	0,589125
2,430099	0,594223
2,431090	0,603597
2,432081	0,612642
2,433072	0,622016
2,434063	0,619056
2,435054	0,588796
2,436045	0,578600
2,437036	0,587645
2,438027	0,596690
2,439018	0,605571
2,440009	0,614616
2,441000	0,586658
2,441991	0,562483
2,442983	0,570048
2,443974	0,578929
2,444965	0,587809
2,445956	0,596690
2,446947	0,581067
2,447938	0,549491
2,448929	0,552945
2,449920	0,561332
2,450911	0,569719
2,451902	0,578764
2,452893	0,574160
2,453884	0,543406
2,454875	0,535513
2,455866	0,543735
2,456857	0,549327
2,457849	0,560181
2,458840	0,567417
2,459831	0,538637
2,460822	0,514956
2,461813	0,522192
2,462804	0,529263
2,463795	0,536664
2,464786	0,544064
2,465777	0,529592
2,466768	0,496865
2,467759	0,500155
2,468750	0,507226
2,469741	0,513804
2,470732	0,520218
2,471723	0,522027
2,472715	0,488972
2,473706	0,477789
2,474697	0,484531
2,475688	0,490781
2,476679	0,497523
2,477670	0,504101
2,478661	0,475980
2,479652	0,455752
2,480643	0,461014
2,481634	0,467428
2,482625	0,473513
2,483616	0,479598
2,484607	0,463974
2,485598	0,432399
2,486590	0,437990
2,487581	0,443746
2,488572	0,448844
2,489563	0,454600
2,490554	0,449502
2,491545	0,413980
2,492536	0,413815
2,493527	0,419242
2,494518	0,424012
2,495509	0,429439
2,496500	0,431412
2,497491	0,395232
2,498482	0,389805
2,499473	0,393752
2,500464	0,399179
2,501456	0,403619
2,502447	0,408224
2,503438	0,378293
2,504429	0,363327
2,505420	0,367274
2,506411	0,371879
2,507402	0,375826
2,508393	0,380431
2,509384	0,359709
2,510375	0,337343
2,511366	0,341619
2,512357	0,345073
2,513348	0,349184
2,514339	0,353296
2,515330	0,336357
2,516322	0,312017
2,517313	0,315306
2,518304	0,318102
2,519295	0,321391
2,520286	0,324351
2,521277	0,312511
2,522268	0,285211
2,523259	0,288171
2,524250	0,290309
2,525241	0,292776
2,526232	0,295901
2,527223	0,288500
2,528214	0,257089
2,529205	0,259227
2,530197	0,260872
2,531188	0,263503
2,532179	0,265476
2,533170	0,267285
2,534161	0,228967
2,535152	0,229625
2,536143	0,231270
2,537134	0,233243
2,538125	0,235052
2,539116	0,236861
2,540107	0,201668
2,541098	0,201010
2,542089	0,202325
2,543080	0,203477
2,544071	0,204299
2,545063	0,205615
2,546054	0,173875
2,547045	0,169763
2,548036	0,170586
2,549027	0,170750
2,550018	0,171408
2,551009	0,172066
2,552000	0,146740
2,552991	0,140490
2,553982	0,138517
2,554973	0,141477
2,555964	0,142464
2,556955	0,141148
2,557946	0,120756
2,558937	0,108586
2,559929	0,107928
2,560920	0,107435
2,561911	0,107106
2,562902	0,106612
2,563893	0,092469
2,564884	0,076682
2,565875	0,075695
2,566866	0,075037
2,567857	0,073557
2,568848	0,072570
2,569839	0,063854
2,570830	0,045106
2,571821	0,043462
2,572812	0,041981
2,573803	0,040666
2,574795	0,038528
2,575786	0,031621
2,576777	0,013202
2,577768	0,011557
2,578759	0,009090
2,579750	0,006788
2,580741	0,004979
2,581732	0,002512
2,582723	-0,019360
2,583714	-0,021663
2,584705	-0,024294
2,585696	-0,027090
2,586687	-0,029886
2,587678	-0,032517
2,588670	-0,051594
2,589661	-0,054718
2,590652	-0,058172
2,591643	-0,060639
2,592634	-0,064092
2,593625	-0,067875
2,594616	-0,084814
2,595607	-0,087938
2,596598	-0,091392
2,597589	-0,095339
2,598580	-0,098463
2,599571	-0,103068
2,600562	-0,117376
2,601553	-0,121158
2,602544	-0,125105
2,603536	-0,129710
2,604527	-0,133986
2,605518	-0,137933
2,606509	-0,150431
2,607500	-0,155036
2,608491	-0,159147
2,609482	-0,163588
2,610473	-0,168521
2,611464	-0,173455
2,612455	-0,183651
2,613446	-0,188092
2,614437	-0,193190
2,615428	-0,198288
2,616419	-0,203550
2,617410	-0,208977
2,618402	-0,216542
2,619393	-0,221476
2,620384	-0,226903
2,621375	-0,232659
2,622366	-0,238086
2,623357	-0,240717
2,624348	-0,241868
2,625339	-0,242526
2,626330	-0,242362
2,627321	-0,242691
2,628312	-0,243020
2,629303	-0,242691
2,630294	-0,242855
2,631285	-0,242855
2,632277	-0,242691
2,633268	-0,242691
2,634259	-0,242855
2,635250	-0,242362
2,636241	-0,243020
2,637232	-0,243020
2,638223	-0,242855
2,639214	-0,242691
2,640205	-0,242526
2,641196	-0,243184
2,642187	-0,243020
2,643178	-0,242691
2,644169	-0,242855
2,645160	-0,242691
2,646151	-0,242691
2,647143	-0,242855
2,648134	-0,242855
2,649125	-0,242855
2,650116	-0,243020
2,651107	-0,242691
2,652098	-0,240717
2,653089	-0,243349
2,654080	-0,240717
2,655071	-0,239895
2,656062	-0,241540
2,657053	-0,242691
2,658044	-0,242362
2,659035	-0,242691
2,660026	-0,242855
2,661017	-0,242855
2,662009	-0,242855
2,663000	-0,242691
2,663991	-0,242691
2,664982	-0,243020
2,665973	-0,242526
2,666964	-0,242855
2,667955	-0,243184
2,668946	-0,242691
2,669937	-0,242855
2,670928	-0,242691
2,671919	-0,242855
2,672910	-0,242691
2,673901	-0,242691
2,674892	-0,242855
2,675883	-0,242855
2,676875	-0,243020
2,677866	-0,243184
2,678857	-0,243184
2,679848	-0,242855
2,680839	-0,242691
2,681830	-0,243184
2,682821	-0,243020
2,683812	-0,242855
2,684803	-0,243020
2,685794	-0,243020
2,686785	-0,243349
2,687776	-0,243020
2,688767	-0,243020
2,689758	-0,242691
2,690750	-0,243020
2,691741	-0,243020
2,692732	-0,243020
2,693723	-0,242855
2,694714	-0,243184
2,695705	-0,242855
2,696696	-0,243184
2,697687	-0,242691
2,698678	-0,242855
2,699669	-0,243184
2,700660	-0,242855
2,701651	-0,242526
2,702642	-0,242855
2,703633	-0,243020
2,704624	-0,242691
2,705616	-0,243020
2,706607	-0,243020
2,707598	-0,242855
2,708589	-0,242855
2,709580	-0,242362
2,710571	-0,243349
2,711562	-0,242855
2,712553	-0,243020
2,713544	-0,242526
2,714535	-0,242691
2,715526	-0,243020
2,716517	-0,243020
2,717508	-0,242691
2,718499	-0,242855
2,719490	-0,242691
2,720482	-0,243020
2,721473	-0,242855
2,722464	-0,242526
2,723455	-0,243184
2,724446	-0,242855
2,725437	-0,242691
2,726428	-0,242855
2,727419	-0,242855
2,728410	-0,243020
2,729401	-0,242691
2,730392	-0,242691
2,731383	-0,243184
2,732374	-0,243184
2,733365	-0,243020
2,734357	-0,242855
2,735348	-0,242691
2,736339	-0,243020
2,737330	-0,242526
2,738321	-0,243020
2,739312	-0,243184
2,740303	-0,243184
2,741294	-0,243349
2,742285	-0,243349
2,743276	-0,243020
2,744267	-0,238744
2,745258	-0,243677
2,746249	-0,242855
2,747240	-0,242691
2,748231	-0,242691
2,749223	-0,242855
2,750214	-0,241540
2,751205	-0,243513
2,752196	-0,240553
2,753187	-0,240882
2,754178	-0,241868
2,755169	-0,242855
2,756160	-0,242691
2,757151	-0,243020
2,758142	-0,243020
2,759133	-0,243349
2,760124	-0,242855
2,761115	-0,242691
2,762106	-0,242691
2,763097	-0,242855
2,764089	-0,242691
2,765080	-0,242691
2,766071	-0,242855
2,767062	-0,242691
2,768053	-0,239073
2,769044	-0,243184
2,770035	-0,242691
2,771026	-0,243020
2,772017	-0,242855
2,773008	-0,242855
2,773999	-0,242855
2,774990	-0,242691
2,775981	-0,243020
2,776972	-0,243020
2,777963	-0,243020
2,778955	-0,243184
2,779946	-0,242691
2,780937	-0,242855
2,781928	-0,243184
2,782919	-0,243020
2,783910	-0,242691
2,784901	-0,243349
2,785892	-0,243184
2,786883	-0,243184
2,787874	-0,243184
2,788865	-0,243184
2,789856	-0,243184
2,790847	-0,242526
2,791838	-0,242855
2,792830	-0,242855
2,793821	-0,243184
2,794812	-0,242855
2,795803	-0,242855
2,796794	-0,243184
2,797785	-0,242855
2,798776	-0,243020
2,799767	-0,242855
2,800758	-0,243349
2,801749	-0,243349
2,802740	-0,243020
2,803731	-0,242855
2,804722	-0,242855
2,805713	-0,243020
2,806704	-0,243020
2,807696	-0,242691
2,808687	-0,242855
2,809678	-0,242691
2,810669	-0,242526
2,811660	-0,242855
2,812651	-0,242691
2,813642	-0,243020
2,814633	-0,242855
2,815624	-0,242691
2,816615	-0,242362
2,817606	-0,242691
2,818597	-0,242855
2,819588	-0,243020
2,820579	-0,243184
2,821570	-0,243020
2,822562	-0,242691
2,823553	-0,242855
2,824544	-0,242362
2,825535	-0,242855
2,826526	-0,242855
2,827517	-0,242691
2,828508	-0,243184
2,829499	-0,242855
2,830490	-0,242855
2,831481	-0,242691
2,832472	-0,243020
2,833463	-0,242691
2,834454	-0,243349
2,835445	-0,242855
2,836437	-0,243349
2,837428	-0,242855
2,838419	-0,243184
2,839410	-0,243184
2,840401	-0,243020
2,841392	-0,243349
2,842383	-0,243020
2,843374	-0,242855
2,844365	-0,243349
2,845356	-0,242855
2,846347	-0,242197
2,847338	-0,242197
2,848329	-0,242197
2,849320	-0,241540
2,850311	-0,239731
2,851303	-0,241540
2,852294	-0,242197
2,853285	-0,242362
2,854276	-0,242855
2,855267	-0,243020
2,856258	-0,242691
2,857249	-0,243020
2,858240	-0,243020
2,859231	-0,243184
2,860222	-0,242691
2,861213	-0,242855
2,862204	-0,243020
2,863195	-0,242691
2,864186	-0,242855
2,865177	-0,243349
2,866169	-0,242691
2,867160	-0,243020
2,868151	-0,243020
2,869142	-0,242691
2,870133	-0,243020
2,871124	-0,242526
2,872115	-0,243020
2,873106	-0,243184
2,874097	-0,243184
2,875088	-0,242691
2,876079	-0,243020
2,877070	-0,242855
2,878061	-0,242691
2,879052	-0,242691
2,880043	-0,242855
2,881035	-0,243513
2,882026	-0,243020
2,883017	-0,243020
2,884008	-0,243184
2,884999	-0,242855
2,885990	-0,243184
2,886981	-0,242855
2,887972	-0,242855
2,888963	-0,243020
2,889954	-0,242855
2,890945	-0,243184
2,891936	-0,243020
2,892927	-0,229041
2,893918	-0,229534
2,894910	-0,229534
2,895901	-0,229534
2,896892	-0,229863
2,897883	-0,229534
2,898874	-0,229534
2,899865	-0,229370
2,900856	-0,229699
2,901847	-0,229370
2,902838	-0,229534
2,903829	-0,229534
2,904820	-0,229699
2,905811	-0,229370
2,906802	-0,229863
2,907793	-0,229699
2,908784	-0,229534
2,909776	-0,229534
2,910767	-0,229534
2,911758	-0,229205
2,912749	-0,229699
2,913740	-0,229863
2,914731	-0,229699
2,915722	-0,229863
2,916713	-0,229534
2,917704	-0,229863
2,918695	-0,229534
2,919686	-0,229699
2,920677	-0,229699
2,921668	-0,229370
2,922659	-0,229699
2,923650	-0,229534
2,924642	-0,229370
2,925633	-0,229534
2,926624	-0,229370
2,927615	-0,229699
2,928606	-0,229370
2,929597	-0,229534
2,930588	-0,229699
2,931579	-0,229534
2,932570	-0,229534
2,933561	-0,229534
2,934552	-0,229534
2,935543	-0,229534
2,936534	-0,229863
2,937525	-0,229370
2,938517	-0,229699
2,939508	-0,229534
2,940499	-0,229863
2,941490	-0,230028
2,942481	-0,229699
2,943472	-0,229534
2,944463	-0,229534
2,945454	-0,228876
2,946445	-0,227890
2,947436	-0,229699
2,948427	-0,226739
2,949418	-0,227890
2,950409	-0,228712
2,951400	-0,229370
2,952391	-0,229370
2,953383	-0,229699
2,954374	-0,230028
2,955365	-0,229370
2,956356	-0,229863
2,957347	-0,229699
2,958338	-0,229699
2,959329	-0,229699
2,960320	-0,229534
2,961311	-0,229534
2,962302	-0,229699
2,963293	-0,229534
2,964284	-0,229699
2,965275	-0,229370
2,966266	-0,229699
2,967257	-0,229370
2,968249	-0,229863
2,969240	-0,229863
2,970231	-0,229699
2,971222	-0,229699
2,972213	-0,229534
2,973204	-0,229699
2,974195	-0,229534
2,975186	-0,229863
2,976177	-0,229370
2,977168	-0,229370
2,978159	-0,229699
2,979150	-0,229534
2,980141	-0,229699
2,981132	-0,229699
2,982123	-0,229863
2,983115	-0,229534
2,984106	-0,229699
2,985097	-0,229699
2,986088	-0,230028
2,987079	-0,229699
2,988070	-0,229863
2,989061	-0,229863
2,990052	-0,229534
2,991043	-0,229370
2,992034	-0,229699
2,993025	-0,229699
2,994016	-0,229863
2,995007	-0,229534
2,995998	-0,229370
2,996990	-0,230028
2,997981	-0,229863
2,998972	-0,230028
2,999963	-0,230028
3,000954	-0,229370
3,001945	-0,229699
3,002936	-0,229370
3,003927	-0,230028
3,004918	-0,230028
3,005909	-0,229534
3,006900	-0,229699
3,007891	-0,229863
3,008882	-0,229699
3,009873	-0,229534
3,010864	-0,229699
3,011856	-0,229699
3,012847	-0,229699
3,013838	-0,229534
3,014829	-0,229534
3,015820	-0,229699
3,016811	-0,230028
3,017802	-0,229534
3,018793	-0,229699
3,019784	-0,229699
3,020775	-0,229370
3,021766	-0,229699
3,022757	-0,229863
3,023748	-0,229370
3,024739	-0,229699
3,025730	-0,229699
3,026722	-0,229699
3,027713	-0,229370
3,028704	-0,229534
3,029695	-0,229699
3,030686	-0,229534
3,031677	-0,229534
3,032668	-0,229699
3,033659	-0,229699
3,034650	-0,229863
3,035641	-0,229699
3,036632	-0,230028
3,037623	-0,229863
3,038614	-0,229370
3,039605	-0,229699
3,040597	-0,230028
3,041588	-0,229370
3,042579	-0,228876
3,043570	-0,230357
3,044561	-0,227890
3,045552	-0,227067
3,046543	-0,228876
3,047534	-0,229699
3,048525	-0,229863
3,049516	-0,229863
3,050507	-0,229534
3,051498	-0,229863
3,052489	-0,229370
3,053480	-0,228712
3,054471	-0,228383
3,055463	-0,228548
3,056454	-0,227890
3,057445	-0,227725
3,058436	-0,227890
3,059427	-0,228054
3,060418	-0,227725
3,061409	-0,227725
3,062400	-0,228054
3,063391	-0,227890
3,064382	-0,228054
3,065373	-0,228054
3,066364	-0,228054
3,067355	-0,227725
3,068346	-0,227725
3,069337	-0,227890
3,070329	-0,228383
3,071320	-0,227890
3,072311	-0,227890
3,073302	-0,227725
3,074293	-0,228054
3,075284	-0,227890
3,076275	-0,227561
3,077266	-0,228054
3,078257	-0,227561
3,079248	-0,228054
3,080239	-0,228054
3,081230	-0,228219
3,082221	-0,228219
3,083212	-0,228383
3,084203	-0,228054
3,085195	-0,228219
3,086186	-0,227890
3,087177	-0,227890
3,088168	-0,228054
3,089159	-0,228219
3,090150	-0,228383
3,091141	-0,228712
3,092132	-0,228219
3,093123	-0,228054
3,094114	-0,227890
3,095105	-0,228383
3,096096	-0,228219
3,097087	-0,228383
3,098078	-0,228383
3,099070	-0,227890
3,100061	-0,228054
3,101052	-0,228383
3,102043	-0,228054
3,103034	-0,228219
3,104025	-0,228219
3,105016	-0,228054
3,106007	-0,227890
3,106998	-0,228219
3,107989	-0,228548
3,108980	-0,228054
3,109971	-0,227890
3,110962	-0,228219
3,111953	-0,228054
3,112944	-0,228054
3,113936	-0,225587
3,114927	-0,221640
3,115918	-0,215556
3,116909	-0,210293
3,117900	-0,204702
3,118891	-0,198781
3,119882	-0,191710
3,120873	-0,185296
3,121864	-0,183487
3,122855	-0,177073
3,123846	-0,170659
3,124837	-0,164410
3,125828	-0,157338
3,126819	-0,149774
3,127810	-0,150431
3,128802	-0,144018
3,129793	-0,136946
3,130784	-0,129710
3,131775	-0,122803
3,132766	-0,115731
3,133757	-0,117869
3,134748	-0,110633
3,135739	-0,103726
3,136730	-0,095997
3,137721	-0,086623
3,138712	-0,080702
3,139703	-0,083005
3,140694	-0,076098
3,141685	-0,069848
3,142677	-0,062941
3,143668	-0,054389
3,144659	-0,046002
3,145650	-0,054061
3,146641	-0,045509
3,147632	-0,037944
3,148623	-0,029392
3,149614	-0,021663
3,150605	-0,012782
3,151596	-0,003902
3,152587	-0,014591
3,153578	-0,005875
3,154569	0,002348
3,155560	0,011064
3,156551	0,019615
3,157543	0,028989
3,158534	0,016162
3,159525	0,024385
3,160516	0,033430
3,161507	0,043133
3,162498	0,052013
3,163489	0,061716
3,164480	0,063361
3,165471	0,055138
3,166462	0,064512
3,167453	0,073721
3,168444	0,083424
3,169435	0,092963
3,170426	0,102994
3,171417	0,084904
3,172409	0,094607
3,173400	0,104474
3,174391	0,114506
3,175382	0,124045
3,176373	0,134734
3,177364	0,118453
3,178355	0,124209
3,179346	0,134241
3,180337	0,144602
3,181328	0,154962
3,182319	0,165487
3,183310	0,158909
3,184301	0,152989
3,185292	0,163350
3,186283	0,174368
3,187275	0,184893
3,188266	0,195747
3,189257	0,195583
3,190248	0,181769
3,191239	0,192458
3,192230	0,202819
3,193221	0,213673
3,194212	0,224856
3,195203	0,235710
3,196194	0,208904
3,197185	0,219758
3,198176	0,230941
3,199167	0,241795
3,200158	0,253636
3,201150	0,265970
3,202141	0,242288
3,203132	0,247057
3,204123	0,258076
3,205114	0,270081
3,206105	0,281757
3,207096	0,294092
3,208087	0,274028
3,209078	0,273864
3,210069	0,285704
3,211060	0,298039
3,212051	0,309386
3,213042	0,322214
3,214033	0,306755
3,215024	0,300177
3,216016	0,311524
3,217007	0,323036
3,217998	0,335863
3,218989	0,348362
3,219980	0,340139
3,220971	0,325174
3,221962	0,337179
3,222953	0,349349
3,223944	0,362012
3,224935	0,374675
3,225926	0,367603
3,226917	0,349349
3,227908	0,362012
3,228899	0,375004
3,229890	0,386680
3,230882	0,400330
3,231873	0,396219
3,232864	0,374839
3,233855	0,384542
3,234846	0,400001
3,235837	0,413322
3,236828	0,425327
3,237819	0,426478
3,238810	0,398192
3,239801	0,407730
3,240792	0,420065
3,241783	0,433221
3,242774	0,446213
3,243765	0,453778
3,244757	0,425821
3,245748	0,429274
3,246739	0,442266
3,247730	0,455423
3,248721	0,469401
3,249712	0,478775
3,250703	0,450489
3,251694	0,450653
3,252685	0,463974
3,253676	0,477295
3,254667	0,490287
3,255658	0,500977
3,256649	0,471868
3,257640	0,471210
3,258631	0,484531
3,259623	0,498510
3,260614	0,511995
3,261605	0,521698
3,262596	0,494399
3,263587	0,490945
3,264578	0,503937
3,265569	0,517587
3,266560	0,531401
3,267551	0,543735
3,268542	0,517587
3,269533	0,507720
3,270524	0,520876
3,271515	0,534855
3,272506	0,548833
3,273497	0,563306
3,274489	0,539295
3,275480	0,524658
3,276471	0,537815
3,277462	0,550971
3,278453	0,564621
3,279444	0,577942
3,280435	0,563141
3,281426	0,538802
3,282417	0,551794
3,283408	0,564950
3,284399	0,578435
3,285390	0,592908
3,286381	0,582547
3,287372	0,553438
3,288363	0,566266
3,289355	0,579751
3,290346	0,593401
3,291337	0,606886
3,292328	0,601459
3,293319	0,574817
3,294310	0,578600
3,295301	0,591921
3,296292	0,605571
3,297283	0,620043
3,298274	0,617576
3,299265	0,589125
3,300256	0,590934
3,301247	0,604255
3,302238	0,617576
3,303230	0,631884
3,304221	0,631884
3,305212	0,604420
3,306203	0,601295
3,307194	0,614616
3,308185	0,628923
3,309176	0,642738
3,310167	0,643724
3,311158	0,616425
3,312149	0,611327
3,313140	0,624812
3,314131	0,638297
3,315122	0,653098
3,316113	0,653427
3,317104	0,626128
3,318096	0,621030
3,319087	0,634022
3,320078	0,648000
3,321069	0,661486
3,322060	0,662966
3,323051	0,635173
3,324042	0,628595
3,325033	0,641258
3,326024	0,655401
3,327015	0,669708
3,328006	0,668722
3,328997	0,640435
3,329988	0,637311
3,330979	0,650303
3,331970	0,665597
3,332962	0,676616
3,333953	0,673326
3,334944	0,646849
3,335935	0,644053
3,336926	0,656552
3,337917	0,669215
3,338908	0,682536
3,339899	0,677109
3,340890	0,648329
3,341881	0,646849
3,342872	0,659841
3,343863	0,673162
3,344854	0,687305
3,345845	0,678425
3,346837	0,650303
3,347828	0,650796
3,348819	0,663459
3,349810	0,676780
3,350801	0,690265
3,351792	0,680727
3,352783	0,652112
3,353774	0,652276
3,354765	0,664446
3,355756	0,676945
3,356747	0,689937
3,357738	0,685167
3,358729	0,655401
3,359720	0,652112
3,360711	0,663788
3,361703	0,675958
3,362694	0,688292
3,363685	0,686812
3,364676	0,657703
3,365667	0,650138
3,366658	0,662308
3,367649	0,674149
3,368640	0,686319
3,369631	0,687634
3,370622	0,658854
3,371613	0,646849
3,372604	0,658854
3,373595	0,670695
3,374586	0,683029
3,375577	0,684181
3,376569	0,654414
3,377560	0,643889
3,378551	0,655894
3,379542	0,667899
3,380533	0,679576
3,381524	0,679411
3,382515	0,649809
3,383506	0,638791
3,384497	0,650467
3,385488	0,661486
3,386479	0,673162
3,387470	0,677109
3,388461	0,647507
3,389452	0,632048
3,390443	0,643067
3,391435	0,653756
3,392426	0,664939
3,393417	0,672504
3,394408	0,642573
3,395399	0,623661
3,396390	0,634350
3,397381	0,644711
3,398372	0,655236
3,399363	0,666913
3,400354	0,637640
3,401345	0,614287
3,402336	0,624483
3,403327	0,634186
3,404318	0,644382
3,405310	0,655565
3,406301	0,631884
3,407292	0,603597
3,408283	0,613793
3,409274	0,623661
3,410265	0,633199
3,411256	0,643231
3,412247	0,625470
3,413238	0,594059
3,414229	0,599979
3,415220	0,609518
3,416211	0,618069
3,417202	0,628266
3,418193	0,620207
3,419184	0,588796
3,420176	0,585507
3,421167	0,594223
3,422158	0,603433
3,423149	0,612478
3,424140	0,613793
3,425131	0,583040
3,426122	0,568568
3,427113	0,577284
3,428104	0,585178
3,429095	0,594223
3,430086	0,603268
3,431077	0,578600
3,432068	0,551136
3,433059	0,561168
3,434050	0,570706
3,435042	0,577449
3,436033	0,585014
3,437024	0,568075
3,438015	0,534690
3,439006	0,541433
3,439997	0,548505
3,440988	0,556070
3,441979	0,563634
3,442970	0,561168
3,443961	0,528605
3,444952	0,520218
3,445943	0,527454
3,446934	0,533704
3,447925	0,540775
3,448917	0,548340
3,449908	0,521040
3,450899	0,498839
3,451890	0,505253
3,452881	0,512489
3,453872	0,518903
3,454863	0,525810
3,455854	0,508542
3,456845	0,477953
3,457836	0,484202
3,458827	0,490616
3,459818	0,496865
3,460809	0,503444
3,461800	0,491603
3,462791	0,456409
3,463783	0,462988
3,464774	0,468579
3,465765	0,474499
3,466756	0,480255
3,467747	0,476966
3,468738	0,442102
3,469729	0,439306
3,470720	0,444897
3,471711	0,450324
3,472702	0,455423
3,473693	0,459205
3,474684	0,424176
3,475675	0,415460
3,476666	0,419900
3,477657	0,425163
3,478649	0,429439
3,479640	0,435523
3,480631	0,408553
3,481622	0,390298
3,482613	0,394245
3,483604	0,398028
3,484595	0,402468
3,485586	0,407402
3,486577	0,391943
3,487568	0,363985
3,488559	0,367932
3,489550	0,372044
3,490541	0,375662
3,491532	0,379609
3,492523	0,371879
3,493515	0,337672
3,494506	0,341455
3,495497	0,344908
3,496488	0,347869
3,497479	0,351816
3,498470	0,352144
3,499461	0,313991
3,500452	0,314320
3,501443	0,317280
3,502434	0,320405
3,503425	0,323200
3,504416	0,325996
3,505407	0,290309
3,506398	0,286856
3,507390	0,288994
3,508381	0,291625
3,509372	0,293763
3,510363	0,296230
3,511354	0,268930
3,512345	0,258076
3,513336	0,260049
3,514327	0,261529
3,515318	0,263338
3,516309	0,264983
3,517300	0,251004
3,518291	0,227652
3,519282	0,229296
3,520273	0,230776
3,521264	0,231927
3,522256	0,233572
3,523247	0,229625
3,524238	0,198214
3,525229	0,198379
3,526220	0,200352
3,527211	0,201503
3,528202	0,203477
3,529193	0,201832
3,530184	0,170092
3,531175	0,171408
3,532166	0,169763
3,533157	0,169599
3,534148	0,169434
3,535139	0,169599
3,536130	0,139832
3,537122	0,137530
3,538113	0,137530
3,539104	0,136872
3,540095	0,136708
3,541086	0,135721
3,542077	0,119111
3,543068	0,105461
3,544059	0,104803
3,545050	0,103323
3,546041	0,102501
3,547032	0,101514
3,548023	0,095594
3,549014	0,072735
3,550005	0,072077
3,550997	0,070761
3,551988	0,069117
3,552979	0,068294
3,553970	0,066650
3,554961	0,040995
3,555952	0,039843
3,556943	0,038363
3,557934	0,037048
3,558925	0,034416
3,559916	0,032114
3,560907	0,008597
3,561898	0,005966
3,562889	0,003499
3,563880	0,001196
3,564871	-0,001435
3,565863	-0,003902
3,566854	-0,024787
3,567845	-0,027090
3,568836	-0,029886
3,569827	-0,033175
3,570818	-0,036299
3,571809	-0,039424
3,572800	-0,057514
3,573791	-0,060474
3,574782	-0,063763
3,575773	-0,067546
3,576764	-0,070999
3,577755	-0,075111
3,578746	-0,078564
3,579737	-0,094188
3,580729	-0,098135
3,581720	-0,102081
3,582711	-0,105864
3,583702	-0,110140
3,584693	-0,114251
3,585684	-0,127736
3,586675	-0,132012
3,587666	-0,136453
3,588657	-0,141057
3,589648	-0,145004
3,590639	-0,149938
3,591630	-0,160792
3,592621	-0,165397
3,593612	-0,170166
3,594603	-0,175429
3,595595	-0,180362
3,596586	-0,184967
3,597577	-0,191216
3,598568	-0,198946
3,599559	-0,204373
3,600550	-0,209142
3,601541	-0,214733
3,602532	-0,220818
3,603523	-0,226574
3,604514	-0,229041
3,605505	-0,229699
3,606496	-0,230192
3,607487	-0,230192
3,608478	-0,230521
3,609470	-0,230686
3,610461	-0,230028
3,611452	-0,231014
3,612443	-0,230521
3,613434	-0,230521
3,614425	-0,230357
3,615416	-0,230521
3,616407	-0,230192
3,617398	-0,230521
3,618389	-0,229863
3,619380	-0,230521
3,620371	-0,230357
3,621362	-0,230192
3,622353	-0,230192
3,623344	-0,230521
3,624336	-0,229863
3,625327	-0,228712
3,626318	-0,230686
3,627309	-0,229041
3,628300	-0,227232
3,629291	-0,229041
3,630282	-0,229699
3,631273	-0,230357
3,632264	-0,230521
3,633255	-0,230192
3,634246	-0,230028
3,635237	-0,230357
3,636228	-0,230357
3,637219	-0,230850
3,638210	-0,230357
3,639202	-0,230521
3,640193	-0,230521
3,641184	-0,230357
3,642175	-0,230521
3,643166	-0,230521
3,644157	-0,230521
3,645148	-0,230521
3,646139	-0,230521
3,647130	-0,230192
3,648121	-0,230521
3,649112	-0,230686
3,650103	-0,230521
3,651094	-0,230192
3,652085	-0,230357
3,653077	-0,230686
3,654068	-0,230357
3,655059	-0,230686
3,656050	-0,230686
3,657041	-0,230521
3,658032	-0,230357
3,659023	-0,230521
3,660014	-0,230521
3,661005	-0,230686
3,661996	-0,230521
3,662987	-0,230686
3,663978	-0,230850
3,664969	-0,230521
3,665960	-0,230686
3,666951	-0,230686
3,667943	-0,230521
3,668934	-0,229863
3,669925	-0,230521
3,670916	-0,230521
3,671907	-0,230357
3,672898	-0,230357
3,673889	-0,230192
3,674880	-0,230357
3,675871	-0,230686
3,676862	-0,231014
3,677853	-0,230686
3,678844	-0,230357
3,679835	-0,230686
3,680826	-0,230357
3,681817	-0,230192
3,682809	-0,230192
3,683800	-0,230686
3,684791	-0,230521
3,685782	-0,230521
3,686773	-0,230686
3,687764	-0,230521
3,688755	-0,230357
3,689746	-0,230192
3,690737	-0,230357
3,691728	-0,230521
3,692719	-0,230686
3,693710	-0,230521
3,694701	-0,230357
3,695692	-0,230686
3,696683	-0,230192
3,697675	-0,230192
3,698666	-0,230357
3,699657	-0,230521
3,700648	-0,230521
3,701639	-0,230686
3,702630	-0,230686
3,703621	-0,230850
3,704612	-0,230686
3,705603	-0,230686
3,706594	-0,230686
3,707585	-0,230686
3,708576	-0,230357
3,709567	-0,230521
3,710558	-0,230521
3,711550	-0,230686
3,712541	-0,230850
3,713532	-0,230686
3,714523	-0,230686
3,715514	-0,230028
3,716505	-0,230521
3,717496	-0,230686
3,718487	-0,230521
3,719478	-0,230686
3,720469	-0,230521
3,721460	-0,229863
3,722451	-0,230028
3,723442	-0,228383
3,724433	-0,231014
3,725424	-0,227890
3,726416	-0,228383
3,727407	-0,229534
3,728398	-0,230850
3,729389	-0,230192
3,730380	-0,230521
3,731371	-0,230357
3,732362	-0,230192
3,733353	-0,230357
3,734344	-0,230521
3,735335	-0,231014
3,736326	-0,230521
3,737317	-0,230521
3,738308	-0,230357
3,739299	-0,230357
3,740290	-0,230192
3,741282	-0,230686
3,742273	-0,230686
3,743264	-0,230850
3,744255	-0,230521
3,745246	-0,230521
3,746237	-0,230521
3,747228	-0,230850
3,748219	-0,230192
3,749210	-0,231014
3,750201	-0,230686
3,751192	-0,230521
3,752183	-0,231014
3,753174	-0,230850
3,754165	-0,230850
3,755157	-0,230521
3,756148	-0,230521
3,757139	-0,230521
3,758130	-0,230686
3,759121	-0,230521
3,760112	-0,230686
3,761103	-0,230850
3,762094	-0,230521
3,763085	-0,230850
3,764076	-0,230521
3,765067	-0,230521
3,766058	-0,230521
3,767049	-0,230192
3,768040	-0,230357
3,769031	-0,230686
3,770023	-0,230686
3,771014	-0,230686
3,772005	-0,230357
3,772996	-0,230521
3,773987	-0,230686
3,774978	-0,230850
3,775969	-0,230521
3,776960	-0,226081
3,777951	-0,231014
3,778942	-0,230850
3,779933	-0,230850
3,780924	-0,230521
3,781915	-0,230521
3,782906	-0,230357
3,783897	-0,230521
3,784889	-0,230521
3,785880	-0,230686
3,786871	-0,230521
3,787862	-0,230686
3,788853	-0,230357
3,789844	-0,231014
3,790835	-0,230521
3,791826	-0,230357
3,792817	-0,230686
3,793808	-0,230850
3,794799	-0,231014
3,795790	-0,230192
3,796781	-0,230686
3,797772	-0,230686
3,798763	-0,230686
3,799755	-0,230357
3,800746	-0,230521
3,801737	-0,230850
3,802728	-0,230686
3,803719	-0,230686
3,804710	-0,230850
3,805701	-0,230686
3,806692	-0,230850
3,807683	-0,230686
3,808674	-0,230521
3,809665	-0,230850
3,810656	-0,230850
3,811647	-0,230521
3,812638	-0,230521
3,813630	-0,230686
3,814621	-0,230357
3,815612	-0,231014
3,816603	-0,230521
3,817594	-0,230686
3,818585	-0,230850
3,819576	-0,230357
3,820567	-0,230521
3,821558	-0,228548
3,822549	-0,231343
3,823540	-0,228712
3,824531	-0,228219
3,825522	-0,229863
3,826513	-0,230521
3,827504	-0,230028
3,828496	-0,230850
3,829487	-0,230686
3,830478	-0,230686
3,831469	-0,230850
3,832460	-0,230521
3,833451	-0,230521
3,834442	-0,231014
3,835433	-0,230686
3,836424	-0,230521
3,837415	-0,230850
3,838406	-0,230521
3,839397	-0,231014
3,840388	-0,230686
3,841379	-0,230521
3,842370	-0,230521
3,843362	-0,230686
3,844353	-0,230686
3,845344	-0,230521
3,846335	-0,230686
3,847326	-0,230686
3,848317	-0,230686
3,849308	-0,230850
3,850299	-0,230850
3,851290	-0,230521
3,852281	-0,230357
3,853272	-0,230521
3,854263	-0,230850
3,855254	-0,231014
3,856245	-0,230686
3,857237	-0,230521
3,858228	-0,230850
3,859219	-0,230686
3,860210	-0,230521
3,861201	-0,230850
3,862192	-0,231014
3,863183	-0,230521
3,864174	-0,230850
3,865165	-0,231014
3,866156	-0,230521
3,867147	-0,230521
3,868138	-0,230686
3,869129	-0,230686
3,870120	-0,230686
3,871111	-0,230686
3,872103	-0,230686
3,873094	-0,230850
3,874085	-0,230686
3,875076	-0,230686
3,876067	-0,230521
3,877058	-0,230686
3,878049	-0,230850
3,879040	-0,231179
3,880031	-0,230357
3,881022	-0,231179
3,882013	-0,230850
3,883004	-0,230850
3,883995	-0,230686
3,884986	-0,244006
3,885977	-0,244006
3,886969	-0,244171
3,887960	-0,243842
3,888951	-0,243842
3,889942	-0,243677
3,890933	-0,244171
3,891924	-0,243677
3,892915	-0,244006
3,893906	-0,244171
3,894897	-0,244335
3,895888	-0,244006
3,896879	-0,244006
3,897870	-0,243842
3,898861	-0,243842
3,899852	-0,244006
3,900843	-0,244006
3,901835	-0,244006
3,902826	-0,243842
3,903817	-0,243842
3,904808	-0,244335
3,905799	-0,243842
3,906790	-0,244006
3,907781	-0,244335
3,908772	-0,243677
3,909763	-0,244171
3,910754	-0,244171
3,911745	-0,244006
3,912736	-0,244335
3,913727	-0,244171
3,914718	-0,243842
3,915710	-0,244006
3,916701	-0,244006
3,917692	-0,244006
3,918683	-0,244006
3,919674	-0,243842
3,920665	-0,242197
3,921656	-0,244335
3,922647	-0,242855
3,923638	-0,241211
3,924629	-0,242526
3,925620	-0,243842
3,926611	-0,243513
3,927602	-0,243842
3,928593	-0,244171
3,929584	-0,243677
3,930576	-0,243842
3,931567	-0,243842
3,932558	-0,243842
3,933549	-0,244171
3,934540	-0,244171
3,935531	-0,243677
3,936522	-0,244335
3,937513	-0,244006
3,938504	-0,243677
3,939495	-0,244006
3,940486	-0,244006
3,941477	-0,244006
3,942468	-0,244171
3,943459	-0,243677
3,944450	-0,243842
3,945442	-0,243677
3,946433	-0,243842
3,947424	-0,244335
3,948415	-0,243842
3,949406	-0,243842
3,950397	-0,244171
3,951388	-0,244171
3,952379	-0,243513
3,953370	-0,243842
3,954361	-0,244006
3,955352	-0,244500
3,956343	-0,244171
3,957334	-0,244171
3,958325	-0,244171
3,959317	-0,244171
3,960308	-0,244171
3,961299	-0,244006
3,962290	-0,244006
3,963281	-0,243842
3,964272	-0,243842
3,965263	-0,244171
3,966254	-0,244006
3,967245	-0,244171
3,968236	-0,244664
3,969227	-0,244006
3,970218	-0,244335
3,971209	-0,244171
3,972200	-0,244006
3,973191	-0,243842
3,974183	-0,243842
3,975174	-0,244006
3,976165	-0,244006
3,977156	-0,244171
3,978147	-0,244006
3,979138	-0,244335
3,980129	-0,244006
3,981120	-0,243842
3,982111	-0,244006
3,983102	-0,243677
3,984093	-0,243677
3,985084	-0,244006
3,986075	-0,243842
3,987066	-0,244006
3,988057	-0,244006
3,989049	-0,244006
3,990040	-0,243842
3,991031	-0,244006
3,992022	-0,243677
3,993013	-0,244335
3,994004	-0,243677
3,994995	-0,243842
3,995986	-0,243677
3,996977	-0,244171
3,997968	-0,244006
3,998959	-0,243842
3,999950	-0,244171
4,000941	-0,244335
4,001932	-0,244171
4,002923	-0,244171
4,003915	-0,244006
4,004906	-0,244500
4,005897	-0,244171
4,006888	-0,244335
4,007879	-0,244335
4,008870	-0,244006
4,009861	-0,243842
4,010852	-0,244171
4,011843	-0,244335
4,012834	-0,244335
4,013825	-0,243842
4,014816	-0,244335
4,015807	-0,243513
4,016798	-0,243184
4,017790	-0,244500
4,018781	-0,242526
4,019772	-0,241046
4,020763	-0,242855
4,021754	-0,243677
4,022745	-0,243677
4,023736	-0,243513
4,024727	-0,244006
4,025718	-0,244006
4,026709	-0,244171
4,027700	-0,244006
4,028691	-0,244500
4,029682	-0,244171
4,030673	-0,244171
4,031664	-0,244171
4,032656	-0,243842
4,033647	-0,244006
4,034638	-0,244006
4,035629	-0,244006
4,036620	-0,243842
4,037611	-0,244006
4,038602	-0,243842
4,039593	-0,243842
4,040584	-0,243842
4,041575	-0,243513
4,042566	-0,243842
4,043557	-0,244171
4,044548	-0,244171
4,045539	-0,244335
4,046530	-0,244335
4,047522	-0,244006
4,048513	-0,244006
4,049504	-0,244006
4,050495	-0,244006
4,051486	-0,244335
4,052477	-0,243842
4,053468	-0,244006
4,054459	-0,244171
4,055450	-0,243842
4,056441	-0,244335
4,057432	-0,243842
4,058423	-0,244335
4,059414	-0,244335
4,060405	-0,244006
4,061397	-0,244006
4,062388	-0,244171
4,063379	-0,244335
4,064370	-0,243842
4,065361	-0,244500
4,066352	-0,244171
4,067343	-0,243677
4,068334	-0,243184
4,069325	-0,242691
4,070316	-0,242526
4,071307	-0,242362
4,072298	-0,242362
4,073289	-0,242362
4,074280	-0,242362
4,075271	-0,242526
4,076263	-0,242526
4,077254	-0,242526
4,078245	-0,242033
4,079236	-0,242526
4,080227	-0,242197
4,081218	-0,242526
4,082209	-0,242033
4,083200	-0,241868
4,084191	-0,243020
4,085182	-0,242526
4,086173	-0,242362
4,087164	-0,242362
4,088155	-0,242526
4,089146	-0,242197
4,090137	-0,242197
4,091129	-0,242362
4,092120	-0,242362
4,093111	-0,242362
4,094102	-0,242197
4,095093	-0,239566
4,096084	-0,234468
4,097075	-0,230192
4,098066	-0,224601
4,099057	-0,218845
4,100048	-0,212760
4,101039	-0,206675
4,102030	-0,199768
4,103021	-0,197466
4,104012	-0,191216
4,105003	-0,184802
4,105995	-0,178224
4,106986	-0,171646
4,107977	-0,164574
4,108968	-0,164739
4,109959	-0,158161
4,110950	-0,151583
4,111941	-0,144182
4,112932	-0,137439
4,113923	-0,129710
4,114914	-0,131848
4,115905	-0,123790
4,116896	-0,119185
4,117887	-0,109153
4,118878	-0,100108
4,119870	-0,093530
4,120861	-0,091721
4,121852	-0,092708
4,122843	-0,085307
4,123834	-0,077084
4,124825	-0,069190
4,125816	-0,060803
4,126807	-0,052252
4,127798	-0,060310
4,128789	-0,052252
4,129780	-0,044358
4,130771	-0,035477
4,131762	-0,027090
4,132753	-0,017716
4,133744	-0,028734
4,134736	-0,020018
4,135727	-0,011302
4,136718	-0,002750
4,137709	0,006624
4,138700	0,016162
4,139691	0,003170
4,140682	0,011886
4,141673	0,021424
4,142664	0,030634
4,143655	0,039843
4,144646	0,050533
4,145637	0,035074
4,146628	0,043955
4,147619	0,053822
4,148610	0,063854
4,149602	0,073392
4,150593	0,083753
4,151584	0,066485
4,152575	0,075859
4,153566	0,085562
4,154557	0,096087
4,155548	0,105955
4,156539	0,116644
4,157530	0,096252
4,158521	0,106119
4,159512	0,117138
4,160503	0,127498
4,161494	0,137859
4,162485	0,149042
4,163477	0,128485
4,164468	0,136543
4,165459	0,146411
4,166450	0,157265
4,167441	0,167790
4,168432	0,179137
4,169423	0,168448
4,170414	0,165816
4,171405	0,176013
4,172396	0,186538
4,173387	0,197721
4,174378	0,209890
4,175369	0,200681
4,176360	0,194103
4,177351	0,204628
4,178343	0,215975
4,179334	0,227487
4,180325	0,238670
4,181316	0,237848
4,182307	0,221402
4,183298	0,232750
4,184289	0,244262
4,185280	0,255774
4,186271	0,267779
4,187262	0,270246
4,188253	0,248209
4,189244	0,260049
4,190235	0,271068
4,191226	0,283238
4,192217	0,295243
4,193209	0,301986
4,194200	0,274686
4,195191	0,287185
4,196182	0,298367
4,197173	0,310537
4,198164	0,323200
4,199155	0,328792
4,200146	0,300834
4,201137	0,312840
4,202128	0,325503
4,203119	0,337672
4,204110	0,350171
4,205101	0,357243
4,206092	0,327312
4,207083	0,337837
4,208075	0,350500
4,209066	0,363163
4,210057	0,376813
4,211048	0,381418
4,212039	0,351816
4,213030	0,363985
4,214021	0,376484
4,215012	0,389805
4,216003	0,402797
4,216994	0,407073
4,217985	0,377142
4,218976	0,387831
4,219967	0,400330
4,220958	0,413158
4,221950	0,426807
4,222941	0,431577
4,223932	0,402797
4,224923	0,409539
4,225914	0,422203
4,226905	0,435688
4,227896	0,449173
4,228887	0,457889
4,229878	0,429603
4,230869	0,430919
4,231860	0,444240
4,232851	0,457889
4,233842	0,471210
4,234833	0,481407
4,235824	0,453285
4,236816	0,451640
4,237807	0,464468
4,238798	0,477953
4,239789	0,491767
4,240780	0,504430
4,241771	0,477789
4,242762	0,470717
4,243753	0,484038
4,244744	0,496865
4,245735	0,511009
4,246726	0,525481
4,247717	0,499826
4,248708	0,488643
4,249699	0,502457
4,250690	0,515613
4,251682	0,529592
4,252673	0,543571
4,253664	0,521863
4,254655	0,505746
4,255646	0,518574
4,256637	0,532223
4,257628	0,545709
4,258619	0,560674
4,259610	0,543900
4,260601	0,520876
4,261592	0,534526
4,262583	0,548505
4,263574	0,562483
4,264565	0,576955
4,265557	0,560345
4,266548	0,536499
4,267539	0,549820
4,268530	0,563799
4,269521	0,578435
4,270512	0,592743
4,271503	0,577120
4,272494	0,550642
4,273485	0,563963
4,274476	0,578107
4,275467	0,592250
4,276458	0,606393
4,277449	0,593565
4,278440	0,565772
4,279431	0,576298
4,280423	0,590770
4,281414	0,603926
4,282405	0,618398
4,283396	0,607544
4,284387	0,579258
4,285378	0,588467
4,286369	0,602446
4,287360	0,616425
4,288351	0,630568
4,289342	0,620043
4,290333	0,591427
4,291324	0,599486
4,292315	0,612971
4,293306	0,626785
4,294297	0,640929
4,295289	0,630075
4,296280	0,602775
4,297271	0,609024
4,298262	0,622674
4,299253	0,636488
4,300244	0,650138
4,301235	0,639613
4,302226	0,611327
4,303217	0,616754
4,304208	0,629746
4,305199	0,643396
4,306190	0,657210
4,307181	0,649151
4,308172	0,621852
4,309163	0,622510
4,310155	0,635831
4,311146	0,648823
4,312137	0,663295
4,313128	0,660170
4,314119	0,632213
4,315110	0,627279
4,316101	0,643231
4,317092	0,656716
4,318083	0,668886
4,319074	0,665926
4,320065	0,637640
4,321056	0,632377
4,322047	0,645040
4,323038	0,658690
4,324030	0,671846
4,325021	0,670037
4,326012	0,641093
4,327003	0,636159
4,327994	0,648823
4,328985	0,661979
4,329976	0,675300
4,330967	0,672175
4,331958	0,643724
4,332949	0,637968
4,333940	0,650138
4,334931	0,662801
4,335922	0,676122
4,336913	0,675629
4,337904	0,647836
4,338896	0,637640
4,339887	0,649809
4,340878	0,662308
4,341869	0,674313
4,342860	0,680398
4,343851	0,652112
4,344842	0,635666
4,345833	0,648165
4,346824	0,659841
4,347815	0,672175
4,348806	0,681385
4,349797	0,652112
4,350788	0,633364
4,351779	0,644711
4,352770	0,656716
4,353762	0,668228
4,354753	0,680234
4,355744	0,653921
4,356735	0,628266
4,357726	0,638791
4,358717	0,650796
4,359708	0,662472
4,360699	0,674642
4,361690	0,654250
4,362681	0,624648
4,363672	0,633693
4,364663	0,644711
4,365654	0,656552
4,366645	0,668393
4,367637	0,650467
4,368628	0,620372
4,369619	0,626621
4,370610	0,637475
4,371601	0,648165
4,372592	0,659512
4,373583	0,649151
4,374574	0,618234
4,375565	0,618234
4,376556	0,628595
4,377547	0,639284
4,378538	0,649809
4,379529	0,646685
4,380520	0,617412
4,381511	0,607051
4,382503	0,617083
4,383494	0,626785
4,384485	0,637146
4,385476	0,645040
4,386467	0,615602
4,387458	0,595374
4,388449	0,604748
4,389440	0,614616
4,390431	0,624976
4,391422	0,635337
4,392413	0,608366
4,393404	0,582876
4,394395	0,592414
4,395386	0,601953
4,396377	0,611820
4,397369	0,621852
4,398360	0,599486
4,399351	0,570377
4,400342	0,579258
4,401333	0,589125
4,402324	0,598499
4,403315	0,608366
4,404306	0,589454
4,405297	0,556398
4,406288	0,565608
4,407279	0,574160
4,408270	0,583205
4,409261	0,592085
4,410252	0,578107
4,411243	0,545051
4,412235	0,549985
4,413226	0,558536
4,414217	0,567252
4,415208	0,578107
4,416199	0,565443
4,417190	0,530579
4,418181	0,534361
4,419172	0,542091
4,420163	0,549985
4,421154	0,557714
4,422145	0,550478
4,423136	0,517422
4,424127	0,515449
4,425118	0,523343
4,426110	0,530579
4,427101	0,538144
4,428092	0,538637
4,429083	0,505417
4,430074	0,496043
4,431065	0,502786
4,432056	0,509693
4,433047	0,516929
4,434038	0,524494
4,435029	0,490781
4,436020	0,475651
4,437011	0,481736
4,438002	0,488807
4,438993	0,495221
4,439984	0,501964
4,440976	0,476966
4,441967	0,453614
4,442958	0,459534
4,443949	0,465290
4,444940	0,471046
4,445931	0,477295
4,446922	0,463152
4,447913	0,431248
4,448904	0,436839
4,449895	0,442431
4,450886	0,448351
4,451877	0,453614
4,452868	0,444404
4,453859	0,408882
4,454850	0,413322
4,455842	0,418420
4,456833	0,423189
4,457824	0,427959
4,458815	0,428287
4,459806	0,391943
4,460797	0,387996
4,461788	0,392765
4,462779	0,397205
4,463770	0,402139
4,464761	0,406744
4,465752	0,374675
4,466743	0,362505
4,467734	0,366945
4,468725	0,370892
4,469717	0,374839
4,470708	0,378457
4,471699	0,358723
4,472690	0,335041
4,473681	0,338824
4,474672	0,343099
4,475663	0,346553
4,476654	0,350500
4,477645	0,340139
4,478636	0,309386
4,479627	0,312346
4,480618	0,315306
4,481609	0,318431
4,482600	0,321885
4,483591	0,315964
4,484583	0,282744
4,485574	0,285540
4,486565	0,287678
4,487556	0,290803
4,488547	0,293434
4,489538	0,288829
4,490529	0,255938
4,491520	0,257911
4,492511	0,260543
4,493502	0,262516
4,494493	0,264983
4,495484	0,259392
4,496475	0,229132
4,497466	0,230612
4,498457	0,232750
4,499449	0,234230
4,500440	0,236368
4,501431	0,226829
4,502422	0,200845
4,503413	0,201997
4,504404	0,203312
4,505395	0,203806
4,506386	0,205121
4,507377	0,201174
4,508368	0,171408
4,509359	0,171901
4,510350	0,173217
4,511341	0,174368
4,512332	0,173546
4,513323	0,174697
4,514315	0,143779
4,515306	0,142793
4,516297	0,142628
4,517288	0,141970
4,518279	0,141970
4,519270	0,141806
4,520261	0,111217
4,521252	0,110559
4,522243	0,110066
4,523234	0,109573
4,524225	0,109573
4,525216	0,109244
4,526207	0,080135
4,527198	0,079477
4,528190	0,078162
4,529181	0,077339
4,530172	0,076024
4,531163	0,075530
4,532154	0,048560
4,533145	0,046915
4,534136	0,045928
4,535127	0,044284
4,536118	0,042310
4,537109	0,041159
4,538100	0,017313
4,539091	0,014682
4,540082	0,012873
4,541073	0,011064
4,542064	0,009419
4,543056	0,006459
4,544047	-0,012289
4,545038	-0,017880
4,546029	-0,020676
4,547020	-0,023307
4,548011	-0,026103
4,549002	-0,028734
4,549993	-0,035477
4,550984	-0,051429
4,551975	-0,053567
4,552966	-0,057185
4,553957	-0,060474
4,554948	-0,063434
4,555939	-0,066888
4,556930	-0,084649
4,557922	-0,087609
4,558913	-0,091392
4,559904	-0,095174
4,560895	-0,099121
4,561886	-0,102739
4,562877	-0,117376
4,563868	-0,121158
4,564859	-0,125434
4,565850	-0,129710
4,566841	-0,133821
4,567832	-0,138591
4,568823	-0,150267
4,569814	-0,154707
4,570805	-0,159805
4,571797	-0,164246
4,572788	-0,168850
4,573779	-0,173291
4,574770	-0,179540
4,575761	-0,189736
4,576752	-0,194834
4,577743	-0,199932
4,578734	-0,205195
4,579725	-0,211444
4,580716	-0,216213
4,581707	-0,223614
4,582698	-0,228548
4,583689	-0,234139
4,584680	-0,240059
4,585671	-0,242526
4,586663	-0,243349
4,587654	-0,243842
4,588645	-0,244171
4,589636	-0,244171
4,590627	-0,244171
4,591618	-0,244006
4,592609	-0,244171
4,593600	-0,244006
4,594591	-0,244006
4,595582	-0,244006
4,596573	-0,244335
4,597564	-0,244006
4,598555	-0,244171
4,599546	-0,244335
4,600537	-0,244664
4,601529	-0,243842
4,602520	-0,243842
4,603511	-0,244500
4,604502	-0,244171
4,605493	-0,244171
4,606484	-0,243842
4,607475	-0,244335
4,608466	-0,241868
4,609457	-0,244500
4,610448	-0,242033
4,611439	-0,242362
4,612430	-0,243677
4,613421	-0,244006
4,614412	-0,244171
4,615403	-0,244171
4,616395	-0,244006
4,617386	-0,244171
4,618377	-0,244006
4,619368	-0,244006
4,620359	-0,244335
4,621350	-0,244335
4,622341	-0,244335
4,623332	-0,244500
4,624323	-0,244335
4,625314	-0,244171
4,626305	-0,244171
4,627296	-0,244335
4,628287	-0,244171
4,629278	-0,244171
4,630270	-0,244500
4,631261	-0,244006
4,632252	-0,244500
4,633243	-0,244006
4,634234	-0,244335
4,635225	-0,244171
4,636216	-0,243842
4,637207	-0,244500
4,638198	-0,244500
4,639189	-0,244006
4,640180	-0,244500
4,641171	-0,244171
4,642162	-0,244171
4,643153	-0,244335
4,644144	-0,244171
4,645136	-0,244171
4,646127	-0,244006
4,647118	-0,244335
4,648109	-0,244006
4,649100	-0,243842
4,650091	-0,244335
4,651082	-0,244335
4,652073	-0,244171
4,653064	-0,243677
4,654055	-0,244500
4,655046	-0,244171
4,656037	-0,244664
4,657028	-0,244171
4,658019	-0,244171
4,659010	-0,244500
4,660002	-0,244171
4,660993	-0,244500
4,661984	-0,244500
4,662975	-0,244171
4,663966	-0,244664
4,664957	-0,244171
4,665948	-0,244335
4,666939	-0,244500
4,667930	-0,244500
4,668921	-0,244500
4,669912	-0,244335
4,670903	-0,244664
4,671894	-0,244335
4,672885	-0,244500
4,673877	-0,244335
4,674868	-0,244335
4,675859	-0,244500
4,676850	-0,244664
4,677841	-0,244335
4,678832	-0,244335
4,679823	-0,244171
4,680814	-0,244500
4,681805	-0,244335
4,682796	-0,244335
4,683787	-0,244335
4,684778	-0,244006
4,685769	-0,244335
4,686760	-0,244335
4,687751	-0,244006
4,688743	-0,244335
4,689734	-0,244335
4,690725	-0,244500
4,691716	-0,244171
4,692707	-0,245322
4,693698	-0,244829
4,694689	-0,244006
4,695680	-0,244500
4,696671	-0,244335
4,697662	-0,244006
4,698653	-0,244335
4,699644	-0,244171
4,700635	-0,244335
4,701626	-0,243842
4,702617	-0,244171
4,703609	-0,243020
4,704600	-0,243677
4,705591	-0,241375
4,706582	-0,242526
4,707573	-0,243677
4,708564	-0,243842
4,709555	-0,243677
4,710546	-0,244171
4,711537	-0,244335
4,712528	-0,244171
4,713519	-0,244500
4,714510	-0,244664
4,715501	-0,244335
4,716492	-0,244335
4,717483	-0,244335
4,718475	-0,244335
4,719466	-0,244335
4,720457	-0,244171
4,721448	-0,244335
4,722439	-0,244335
4,723430	-0,244335
4,724421	-0,244171
4,725412	-0,244500
4,726403	-0,244500
4,727394	-0,244664
4,728385	-0,244335
4,729376	-0,244335
4,730367	-0,244335
4,731358	-0,244171
4,732350	-0,244171
4,733341	-0,244006
4,734332	-0,244006
4,735323	-0,244171
4,736314	-0,244171
4,737305	-0,244500
4,738296	-0,244006
4,739287	-0,244335
4,740278	-0,244335
4,741269	-0,244335
4,742260	-0,244171
4,743251	-0,244500
4,744242	-0,244500
4,745233	-0,244171
4,746224	-0,244171
4,747216	-0,244335
4,748207	-0,244171
4,749198	-0,244171
4,750189	-0,244500
4,751180	-0,244500
4,752171	-0,244335
4,753162	-0,244335
4,754153	-0,244335
4,755144	-0,244335
4,756135	-0,244335
4,757126	-0,244335
4,758117	-0,244500
4,759108	-0,244335
4,760099	-0,244335
4,761090	-0,244664
4,762082	-0,244335
4,763073	-0,244335
4,764064	-0,244335
4,765055	-0,244500
4,766046	-0,244006
4,767037	-0,244335
4,768028	-0,244993
4,769019	-0,244335
4,770010	-0,244171
4,771001	-0,244664
4,771992	-0,244171
4,772983	-0,244171
4,773974	-0,244664
4,774965	-0,244171
4,775957	-0,244500
4,776948	-0,244335
4,777939	-0,244335
4,778930	-0,244171
4,779921	-0,244664
4,780912	-0,244664
4,781903	-0,244500
4,782894	-0,244171
4,783885	-0,244335
4,784876	-0,244500
4,785867	-0,244500
4,786858	-0,244500
4,787849	-0,244335
4,788840	-0,244335
4,789831	-0,244500
4,790823	-0,244500
4,791814	-0,244171
4,792805	-0,244006
4,793796	-0,244006
4,794787	-0,244171
4,795778	-0,244335
4,796769	-0,244006
4,797760	-0,243842
4,798751	-0,244006
4,799742	-0,242855
4,800733	-0,241211
4,801724	-0,242855
4,802715	-0,244006
4,803706	-0,244171
4,804697	-0,244664
4,805689	-0,244500
4,806680	-0,244171
4,807671	-0,244335
4,808662	-0,244171
4,809653	-0,244171
4,810644	-0,244171
4,811635	-0,244500
4,812626	-0,244335
4,813617	-0,244335
4,814608	-0,244829
4,815599	-0,244664
4,816590	-0,244500
4,817581	-0,244335
4,818572	-0,244335
4,819563	-0,244500
4,820555	-0,244664
4,821546	-0,244171
4,822537	-0,244500
4,823528	-0,244500
4,824519	-0,244664
4,825510	-0,244171
4,826501	-0,244664
4,827492	-0,243349
4,828483	-0,244335
4,829474	-0,244664
4,830465	-0,244171
4,831456	-0,243842
4,832447	-0,244171
4,833438	-0,244664
4,834430	-0,244171
4,835421	-0,244335
4,836412	-0,244664
4,837403	-0,244500
4,838394	-0,244500
4,839385	-0,244664
4,840376	-0,244500
4,841367	-0,244335
4,842358	-0,244006
4,843349	-0,244335
4,844340	-0,244171
4,845331	-0,244335
4,846322	-0,244335
4,847313	-0,244171
4,848304	-0,244335
4,849296	-0,244335
4,850287	-0,244171
4,851278	-0,244335
4,852269	-0,244335
4,853260	-0,244006
4,854251	-0,244500
4,855242	-0,244335
4,856233	-0,244171
4,857224	-0,244335
4,858215	-0,244500
4,859206	-0,244664
4,860197	-0,244664
4,861188	-0,244664
4,862179	-0,244335
4,863170	-0,244006
4,864162	-0,244500
4,865153	-0,244500
4,866144	-0,244664
4,867135	-0,244335
4,868126	-0,244500
4,869117	-0,244335
4,870108	-0,244664
4,871099	-0,244664
4,872090	-0,244171
4,873081	-0,244335
4,874072	-0,244664
4,875063	-0,244829
4,876054	-0,231179
4,877045	-0,231343
4,878037	-0,231343
4,879028	-0,231179
4,880019	-0,231179
4,881010	-0,231014
4,882001	-0,231014
4,882992	-0,231179
4,883983	-0,231343
4,884974	-0,231014
4,885965	-0,231508
4,886956	-0,231179
4,887947	-0,231343
4,888938	-0,231014
4,889929	-0,231014
4,890920	-0,231179
4,891911	-0,231179
4,892903	-0,229205
4,893894	-0,232001
4,894885	-0,228876
4,895876	-0,229041
4,896867	-0,230192
4,897858	-0,230686
4,898849	-0,231179
4,899840	-0,231179
4,900831	-0,231343
4,901822	-0,231343
4,902813	-0,231014
4,903804	-0,231014
4,904795	-0,231343
4,905786	-0,231343
4,906777	-0,231672
4,907769	-0,231179
4,908760	-0,231179
4,909751	-0,231672
4,910742	-0,230850
4,911733	-0,231508
4,912724	-0,231508
4,913715	-0,231179
4,914706	-0,231508
4,915697	-0,231343
4,916688	-0,231508
4,917679	-0,231508
4,918670	-0,231508
4,919661	-0,231508
4,920652	-0,231508
4,921643	-0,231508
4,922635	-0,231837
4,923626	-0,231343
4,924617	-0,231179
4,925608	-0,231508
4,926599	-0,231672
4,927590	-0,231508
4,928581	-0,231343
4,929572	-0,231343
4,930563	-0,231179
4,931554	-0,231179
4,932545	-0,231343
4,933536	-0,231508
4,934527	-0,231343
4,935518	-0,231508
4,936510	-0,231179
4,937501	-0,231672
4,938492	-0,231343
4,939483	-0,231508
4,940474	-0,231179
4,941465	-0,231179
4,942456	-0,231179
4,943447	-0,231179
4,944438	-0,231179
4,945429	-0,231508
4,946420	-0,231343
4,947411	-0,231179
4,948402	-0,231014
4,949393	-0,231508
4,950384	-0,231179
4,951376	-0,231343
4,952367	-0,231343
4,953358	-0,231672
4,954349	-0,231179
4,955340	-0,231343
4,956331	-0,231343
4,957322	-0,231343
4,958313	-0,231508
4,959304	-0,231343
4,960295	-0,231672
4,961286	-0,231837
4,962277	-0,231508
4,963268	-0,231508
4,964259	-0,229370
4,965250	-0,231179
4,966242	-0,231508
4,967233	-0,231343
4,968224	-0,231508
4,969215	-0,231508
4,970206	-0,231508
4,971197	-0,231508
4,972188	-0,231179
4,973179	-0,232166
4,974170	-0,231343
4,975161	-0,231179
4,976152	-0,231508
4,977143	-0,231672
4,978134	-0,231343
4,979125	-0,231508
4,980117	-0,231508
4,981108	-0,231672
4,982099	-0,231343
4,983090	-0,231508
4,984081	-0,231508
4,985072	-0,231343
4,986063	-0,231179
4,987054	-0,231014
4,988045	-0,230357
4,989036	-0,231179
4,990027	-0,230028
4,991018	-0,228054
4,992009	-0,229863
4,993000	-0,230686
4,993991	-0,231343
4,994983	-0,231508
4,995974	-0,231343
4,996965	-0,231508
4,997956	-0,232001
4,998947	-0,231343
4,999938	-0,231508
5,000929	-0,231343
5,001920	-0,231672
5,002911	-0,231179
5,003902	-0,231014
5,004893	-0,231179
5,005884	-0,231508
5,006875	-0,231179
5,007866	-0,231179
5,008857	-0,231343
5,009849	-0,231508
5,010840	-0,231343
5,011831	-0,231508
5,012822	-0,231672
5,013813	-0,231179
5,014804	-0,231343
5,015795	-0,231343
5,016786	-0,231837
5,017777	-0,231672
5,018768	-0,231672
5,019759	-0,231672
5,020750	-0,231672
5,021741	-0,231508
5,022732	-0,231508
5,023723	-0,231672
5,024715	-0,231672
5,025706	-0,231343
5,026697	-0,231837
5,027688	-0,231672
5,028679	-0,231179
5,029670	-0,231672
5,030661	-0,231179
5,031652	-0,231672
5,032643	-0,231179
5,033634	-0,231672
5,034625	-0,231837
5,035616	-0,231672
5,036607	-0,231508
5,037598	-0,231179
5,038590	-0,231508
5,039581	-0,231837
5,040572	-0,231179
5,041563	-0,231672
5,042554	-0,231179
5,043545	-0,231179
5,044536	-0,231508
5,045527	-0,230850
5,046518	-0,231508
5,047509	-0,231837
5,048500	-0,231672
5,049491	-0,231508
5,050482	-0,231343
5,051473	-0,231508
5,052464	-0,231179
5,053456	-0,231343
5,054447	-0,231343
5,055438	-0,232001
5,056429	-0,231343
5,057420	-0,231179
5,058411	-0,231672
5,059402	-0,231508
5,060393	-0,231343
5,061384	-0,231837
5,062375	-0,231672
5,063366	-0,231508
5,064357	-0,231837
5,065348	-0,231672
5,066339	-0,231508
5,067330	-0,231508
5,068322	-0,231508
5,069313	-0,231837
5,070304	-0,231672
5,071295	-0,231508
5,072286	-0,231672
5,073277	-0,231672
5,074268	-0,231508
5,075259	-0,231672
5,076250	-0,228876
5,077241	-0,223285
5,078232	-0,217858
5,079223	-0,213582
5,080214	-0,207826
5,081205	-0,202399
5,082197	-0,195821
5,083188	-0,188092
5,084179	-0,180856
5,085170	-0,177895
5,086161	-0,174277
5,087152	-0,164410
5,088143	-0,159476
5,089134	-0,154378
5,090125	-0,151254
5,091116	-0,156023
5,092107	-0,155201
5,093098	-0,154049
5,094089	-0,152734
5,095080	-0,152076
5,096071	-0,150925
5,097063	-0,149774
5,098054	-0,155365
5,099045	-0,154049
5,100036	-0,153063
5,101027	-0,152240
5,102018	-0,151254
5,103009	-0,149609
5,104000	-0,155694
